1985 1 6.500    4614CB      0    0    0    0 0.330 303.9 254.6   7.0  16.0
1985 1 7.500    4614DB      0   19    0   10 0.163 167.9 223.4 -13.0  -2.0
1985 1 8.500    4614 B      0    6    0   10 0.937  82.1 143.3   6.0 -69.0
1985 1 8.500    4614GB      0    6    0   10 0.949  82.3 141.3   6.0 -71.0
1985 1 9.500    4614 B      0   10    0   10 0.838  78.9 143.1   7.0 -56.0
1985 1 9.500    4614FA      0   19    0   10 0.192 153.9 194.1 -14.0  -5.0
1985 112.500    4616 B      0   35    0   20 0.440  99.2 133.6  -8.0 -26.0
1985 113.500    4616 A      0  116    0   60 0.226  97.2 133.4  -6.0 -13.0
1985 114.500    4616 A      0  259    0  130 0.042 180.0 133.3  -7.0   0.0
1985 115.500    4616 B      0  231    0  120 0.260 260.5 135.1  -7.0  15.0
1985 116.500    4616 A      0  262    0  150 0.484 264.2 135.9  -7.0  29.0
1985 117.500    4616 B      0  357    0  240 0.667 265.0 135.8  -7.0  42.0
1985 118.500    4616 A      0  254    0  220 0.816 264.9 135.6  -7.0  55.0
1985 119.500    4616        0  109    0  150 0.931 264.5 136.4  -7.0  69.0
1985 119.500    4617 B      0  138    0   70 0.134 230.0  73.4 -10.0   6.0
1985 119.500    4618 BGD    0    0    0    0 0.752  80.2  19.4   4.0 -48.0
1985 120.500    4616 BG     0   11    0   40 0.989 264.7 136.3  -6.0  82.0
1985 120.500    4617 B      0  697    0  370 0.333 254.5  73.3 -10.0  19.0
1985 120.500    4618 B      0   48    0   30 0.590  76.0  19.3   4.0 -35.0
1985 120.500    4619 B      0   21    0   20 0.845  93.8 356.3  -6.0 -58.0
1985 121.500    4617 B      0  898    0  530 0.531 259.5  73.1 -10.0  32.0
1985 121.500    4618 B      0   55    0   30 0.382  63.2  21.1   5.0 -20.0
1985 121.500    4619 A      0   14    0   10 0.704  94.7 356.1  -7.0 -45.0
1985 122.500    4617 B      0  638    0  450 0.705 261.2  72.9 -10.0  45.0
1985 122.500    4618 A      0   58    0   30 0.207  30.2  21.9   5.0  -6.0
1985 122.500    4619 A      0   33    0   20 0.528  94.7 355.9  -7.0 -32.0
1985 123.500    4617 B      0  396    0  380 0.853 261.6  73.8 -10.0  59.0
1985 123.500    4618 B      0   58    0   30 0.251 321.7  23.8   6.0   9.0
1985 124.500    4617 BG     0   96    0  160 0.953 262.3  74.6  -9.0  73.0
1985 124.500    4618 BG     0   36    0   20 0.427 299.4  23.6   7.0  22.0
1985 125.500    4617 BG     0   61    0  310 0.995 259.5  73.4 -11.0  85.0
1985 125.500    4618 BG     0   31    0   20 0.612 287.3  24.4   6.0  36.0
1985 126.500    4619AB      0    0    0    0 0.388 303.5 354.3   7.0  19.0
1985 127.500    4619AB      0   16    0   10 0.592 284.8 357.1   4.0  35.0
1985 130.500    4624AB      0    0    0    0 0.354 117.3 263.6 -15.0 -19.0
1985 131.500    4620 A      0   19    0   10 0.162 148.6 264.4 -14.0  -5.0
1985 131.500    4621 A      0   18    0   10 0.431  11.0 264.4  19.0  -5.0
1985 131.500    4624AA      0   58    0   30 0.186 147.1 263.4 -15.0  -6.0
1985 131.500    4624BB      0   18    0   10 0.434  13.2 263.4  19.0  -6.0
1985 2 1.500    4620 B      0   19    0   10 0.182 220.6 263.3 -14.0   7.0
1985 2 1.500    4621 B      0   54    0   30 0.434 339.9 265.3  18.0   9.0
1985 2 1.500    4622 B      0   29    0   20 0.681 257.5 299.3 -13.0  43.0
1985 2 2.500    4620 A      0   18    0   10 0.381 245.2 264.1 -15.0  21.0
1985 2 2.500    4621 B      0  186    0  110 0.527 317.2 265.1  17.0  22.0
1985 2 2.500    4622 B      0   22    0   20 0.834 257.3 300.1 -14.0  57.0
1985 2 3.500    4620 B      0   49    0   30 0.566 252.5 263.9 -15.0  34.0
1985 2 3.500    4621 B      0  132    0   90 0.676 303.7 265.9  17.0  36.0
1985 2 4.500    4620 B      0   27    0   20 0.721 252.5 262.8 -17.0  46.0
1985 2 4.500    4621 B      0   70    0   60 0.812 294.9 266.8  16.0  50.0
1985 2 5.500    4620 B      0   10    0   10 0.853 255.1 262.6 -16.0  59.0
1985 2 5.500    4621 B      0   24    0   30 0.915 290.6 266.6  16.0  63.0
1985 2 5.500    4623 B      0    9    0   10 0.887  94.6 140.6  -7.0 -63.0
1985 2 6.500    4621 A      0    8    0   20 0.977 289.0 265.4  17.0  75.0
1985 2 6.500    4623 A      0   13    0   10 0.739  93.6 142.4  -7.0 -48.0
1985 2 7.500    4621 A      0    0    0   20 1.000 287.0 266.3  17.0  89.0
1985 2 8.500    4624 A      0   18    0   10 0.313  15.9 159.1  11.0  -5.0
1985 2 8.500    4625 B      0    6    0   10 0.941  86.6  94.1   1.0 -70.0
1985 2 8.500    4626 A      0    6    0   30 0.994 101.4  79.1 -12.0 -85.0
1985 2 9.500    4624 A      0   37    0   20 0.332 329.0 160.9  10.0  10.0
1985 2 9.500    4625 B      0   11    0   10 0.805  82.6  97.9   2.0 -53.0
1985 2 9.500    4625AB      0    0    0    0 0.887  72.8  90.9  12.0 -60.0
1985 2 9.500    4626 B      0   25    0   40 0.947  98.4  78.9 -10.0 -72.0
1985 210.500    4623AB      0    0    0    0 0.189  27.5 132.8   3.0  -5.0
1985 210.500    4624 BD     0   34    0   20 0.499 303.5 162.8  10.0  25.0
1985 210.500    4626 B      0   40    0   40 0.860 100.0  77.8 -12.0 -60.0
1985 211.500    4624 B      0   14    0   10 0.666 294.8 162.6  11.0  38.0
1985 211.500    4626 B      0   41    0   30 0.715 100.2  78.6 -12.0 -46.0
1985 212.500    4626 B      0   50    0   30 0.543  99.8  78.4 -11.0 -33.0
1985 213.500    4626 B      0   56    0   30 0.343 100.6  78.3 -10.0 -20.0
1985 214.500    4624 A      0    9    0   30 0.988 280.2 165.1   9.0  80.0
1985 214.500    4626 B      0   39    0   20 0.132 115.0  78.1 -10.0  -7.0
1985 214.500    4626AA      0    0    0    0 0.239 112.9  72.1 -12.0 -13.0
1985 215.500    4626 B      0   59    0   30 0.112 229.8  76.9 -11.0   5.0
1985 216.500    4626 B      0   37    0   20 0.345 256.9  78.8 -11.0  20.0
1985 217.500    4626 B      0    0    0    0 0.570 260.7  80.6 -11.0  35.0
1985 218.500    4626BA      0   18    0   10 0.348 348.7  36.4  13.0   4.0
1985 219.500    4628 A      0   79    0   40 0.093 248.0  24.3  -9.0   5.0
1985 219.500    4629 B      0   21    0  100 0.994  85.1 296.3   4.0 -83.0
1985 220.500    4628 A      0   56    0   30 0.324 262.8  25.1  -9.0  19.0
1985 220.500    4629 B      0  152    0  240 0.948  85.5 295.1   2.0 -71.0
1985 221.500    4628 B      0   33    0   20 0.541 264.4  25.9  -9.0  33.0
1985 221.500    4629 A      0  197    0  190 0.855  82.1 294.9   3.0 -58.0
1985 222.500    4628        0   12    0   10 0.760 264.2  29.7  -9.0  50.0
1985 222.500    4629 A      0  169    0  120 0.708  78.5 295.7   3.0 -44.0
1985 223.500    4628 B      0    8    0   10 0.894 263.5  30.6  -9.0  64.0
1985 223.500    4629 B      0  223    0  130 0.510  71.7 297.6   3.0 -29.0
1985 224.500    4629 B      0  151    0   80 0.324  58.1 297.4   3.0 -16.0
1985 225.500    4629 B      0   98    0   50 0.180  11.2 298.2   3.0  -2.0
1985 226.500    4629 B      0   96    0   50 0.259 312.5 298.1   3.0  11.0
1985 227.500    4629 B      0   69    0   40 0.488 291.8 300.9   4.0  27.0
1985 228.500    4629 B      0   59    0   40 0.662 284.5 300.7   4.0  40.0
1985 3 1.500    4629 B      0   35    0   30 0.808 279.1 300.5   3.0  53.0
1985 3 2.500    4629 B      0   15    0   20 0.926 277.3 301.4   4.0  67.0
1985 3 3.500    4629 B      0    1    0   10 0.996 274.7 305.2   4.0  84.0
1985 3 8.500    4630 B      0   22    0   20 0.829  87.5  99.3  -2.0 -56.0
1985 3 8.500    4631 A      0    7    0   10 0.933 103.3  85.3 -15.0 -70.0
1985 3 9.500    4630 B      0   14    0   10 0.696  85.4  98.1  -2.0 -44.0
1985 3 9.500    4635BB      0   15    0   20 0.921 100.0  74.1 -12.0 -68.0
1985 310.500    4630 B      0   17    0   10 0.505  81.6  99.0  -2.0 -30.0
1985 310.500    4635AB      0   11    0   10 0.803  65.2  80.0  15.0 -49.0
1985 311.500    4631 B      0   16    0   10 0.527 110.8  84.8 -17.0 -31.0
1985 311.500    4632 B      0   15    0   10 0.641 291.7 152.8   8.0  37.0
1985 312.500    4631 B      0    0    0    0 0.300 107.3  85.6 -12.0 -17.0
1985 312.500    4632 B      0   61    0   50 0.786 284.8 152.6   7.0  50.0
1985 313.500    4632 B      0   18    0   20 0.888 282.9 150.4   8.0  61.0
1985 314.500    4632 B      0    0    0    0 0.963 280.4 149.2   8.0  73.0
1985 316.500    4633 B      0   25    0   20 0.771  99.7 358.9 -12.0 -51.0
1985 317.500    4633 B      0   64    0   40 0.599 100.6 359.7 -12.0 -37.0
1985 318.500    4633 B      0   72    0   40 0.425 103.2 358.5 -12.0 -25.0
1985 318.500    4634 B      0   28    0   20 0.714  97.1 337.5 -10.0 -46.0
1985 318.500    4635 B      0   19    0   20 0.869 281.1  82.5   6.0  59.0
1985 319.500    4633 B      0   58    0   30 0.222 113.7 358.3 -12.0 -12.0
1985 319.500    4634 B      0   16    0   10 0.542  99.4 337.3 -11.0 -33.0
1985 319.500    4635 B      0    6    0   10 0.952 279.7  81.3   7.0  71.0
1985 320.500    4633 B      0   19    0   10 0.087 180.0 357.2 -12.0   0.0
1985 320.500    4634 B      0   18    0   10 0.344 102.9 337.2 -11.0 -20.0
1985 320.500    4634AB      0    0    0    0 0.586 121.9 324.2 -24.0 -33.0
1985 321.500    4633 B      0   19    0   10 0.201 248.9 355.0 -11.0  11.0
1985 321.500    4634BB      0   15    0   10 0.602  77.3 308.0   2.0 -36.0
1985 321.500    4636 B      0    9    0   10 0.868 103.3 283.0 -15.0 -61.0
1985 322.500    4634 B      0   39    0   20 0.128 195.4 332.8 -14.0   2.0
1985 322.500    4636 B      0   13    0   10 0.750 102.6 281.8 -14.0 -49.0
1985 322.500    4637 B      0   73    0  230 0.987  82.7 250.8   6.0 -80.0
1985 323.500    4637 B      0  192    0  300 0.947  80.2 247.6   7.0 -70.0
1985 323.500    4638 B      0   16    0   10 0.533 290.9 347.6   5.0  30.0
1985 324.500    4634 B      0   16    0   10 0.561 255.1 338.4 -14.0  34.0
1985 324.500    4637 B      0  273    0  270 0.862  77.7 246.4   7.0 -58.0
1985 324.500    4638 B      0   29    0   20 0.686 283.3 346.4   4.0  42.0
1985 324.500    4639 B      0   28    0   20 0.703  93.0 259.4  -7.0 -45.0
1985 325.500    4634 B      0   13    0   10 0.738 260.0 339.2 -12.0  48.0
1985 325.500    4636 B      0    0    0    0 0.164 123.9 283.2 -12.0  -8.0
1985 325.500    4637 B      0  374    0  270 0.720  73.4 247.2   7.0 -44.0
1985 325.500    4638 B      0   10    0   10 0.855 277.7 349.2   3.0  58.0
1985 325.500    4639 B      0   34    0   20 0.512  92.2 260.2  -7.0 -31.0
1985 326.500    4636 B      0   19    0   10 0.171 243.9 287.0 -11.0   9.0
1985 326.500    4637 B      0  537    0  320 0.544  65.9 248.0   7.0 -30.0
1985 327.500    4637 B      0  482    0  260 0.372  51.3 247.9   7.0 -17.0
1985 328.500    4636 B      0   16    0   10 0.543 260.1 284.7 -11.0  33.0
1985 328.500    4637 B      0  390    0  200 0.222   9.0 249.7   6.0  -2.0
1985 329.500    4636 B      0   13    0   10 0.727 261.1 285.5 -11.0  47.0
1985 329.500    4637 B      0  267    0  140 0.299 316.3 250.5   6.0  12.0
1985 329.500    4639AB      0    0    0    0 0.243 259.4 252.5  -9.0  14.0
1985 330.500    4636 B      0   10    0   10 0.861 261.1 285.3 -11.0  60.0
1985 330.500    4637 B      0  268    0  150 0.448 295.2 249.3   5.0  24.0
1985 330.500    4639 B      0   16    0   10 0.598 265.4 262.3  -8.0  37.0
1985 331.500    4636 B      0    0    0    0 0.941 260.6 283.1 -11.0  71.0
1985 331.500    4637 B      0  184    0  120 0.642 287.5 250.1   6.0  38.0
1985 331.500    4640 B      0    9    0   10 0.876 116.2 151.1 -26.0 -61.0
1985 331.500    4641 B      0   17    0   10 0.455 292.2 237.1   4.0  25.0
1985 4 1.500    4637 B      0  131    0  110 0.803 282.4 250.9   6.0  52.0
1985 4 1.500    4640 B      0   25    0   20 0.760 117.6 150.9 -25.0 -48.0
1985 4 1.500    4641 B      0   15    0   10 0.628 281.3 236.9   2.0  38.0
1985 4 2.500    4637 B      0   77    0  100 0.921 279.3 251.7   6.0  66.0
1985 4 2.500    4642 B      0   40    0   30 0.742 114.0 138.7 -22.0 -47.0
1985 4 3.500    4637 B      0   19    0   70 0.990 277.0 253.5   6.0  81.0
1985 4 3.500    4640 B      0   17    0   10 0.471 133.9 150.5 -25.0 -22.0
1985 4 3.500    4642 B      0   48    0   30 0.588 117.4 138.5 -21.0 -34.0
1985 4 4.500    4642 B      0   73    0   40 0.403 127.1 139.3 -20.0 -20.0
1985 4 4.500    4643 B      0    0    0    0 0.928 104.7  90.3 -16.0 -69.0
1985 4 5.500    4642 B      0   57    0   30 0.265 154.4 139.1 -20.0  -7.0
1985 4 5.500    4643 B      0   23    0   20 0.815 104.0  91.1 -15.0 -55.0
1985 4 6.500    4642 B      0   76    0   40 0.281 203.9 139.9 -21.0   7.0
1985 4 6.500    4643 B      0   30    0   20 0.660 107.3  91.9 -16.0 -41.0
1985 4 7.500    4640 B      0    0    0    0 0.565 227.2 147.7 -28.0  28.0
1985 4 7.500    4642 B      0   36    0   20 0.423 228.6 139.7 -22.0  20.0
1985 4 7.500    4642AB      0   19    0   10 0.206 227.6 128.7 -14.0   9.0
1985 4 8.500    4644 B      0   19    0   10 0.087 307.1 110.5  -3.0   4.0
1985 4 9.500    4644 B      0   19    0   10 0.310 275.4 111.3  -4.0  18.0
1985 413.500    4643DB      0    9    0   10 0.871  97.2 339.5  -9.0 -61.0
1985 414.500    4643AB      0    0    0    0 0.691 290.8  68.3  10.0  41.0
1985 414.500    4643BB      0    0    0    0 0.514 283.4  57.3   2.0  30.0
1985 418.500    4646 B      0    7    0   10 0.917  96.5 267.5  -8.0 -67.0
1985 419.500    4646 B      0   23    0   20 0.816  96.2 266.3  -8.0 -55.0
1985 420.500    4646 B      0   45    0   30 0.653  94.8 267.1  -7.0 -41.0
1985 420.500    4647 B      0   11    0   30 0.980  84.9 230.1   4.0 -78.0
1985 421.500    4647 B      0   44    0   50 0.897  81.9 231.9   5.0 -63.0
1985 422.500    4643CB      0   10    0   20 0.963 274.5 355.7   3.0  74.0
1985 422.500    4647 B      0  505    0  410 0.787  79.7 230.7   5.0 -51.0
1985 423.500    4647 B      0 1319    0  840 0.619  75.6 231.5   5.0 -37.0
1985 424.500    4646 B      0   19    0   10 0.235 251.0 268.2  -9.0  13.0
1985 424.500    4647 B      0 1273    0  700 0.416  69.6 232.2   4.0 -23.0
1985 425.500    4634 B      0   13    0   10 0.743 258.0 290.0 -12.0  48.0
1985 425.500    4637AB      0  357    0  250 0.700  75.1 199.0   7.0 -43.0
1985 425.500    4638 B      0   10    0   10 0.852 276.4 300.0   3.0  58.0
1985 425.500    4639 B      0   34    0   20 0.514  95.9 211.0  -7.0 -31.0
1985 425.500    4646AB      0   99    0   50 0.137  14.7 240.0   3.0  -2.0
1985 425.500    4646BB      0    0    0    0 0.188 133.5 234.0 -12.0  -8.0
1985 425.500    4647 B      0 1601    0  820 0.216  46.3 233.0   4.0  -9.0
1985 425.500    4647AB      0  393    0  280 0.712  75.4 198.0   7.0 -44.0
1985 425.500    4648 B      0    7    0   10 0.928 272.9 310.0   1.0  68.0
1985 426.500    4637AB      0  450    0  270 0.550  68.0 197.8   8.0 -31.0
1985 426.500    4646AB      0   97    0   50 0.230 304.2 239.8   3.0  11.0
1985 426.500    4646BB      0   19    0   10 0.191 233.5 237.8 -11.0   9.0
1985 426.500    4647 B      0 1479    0  750 0.164 334.8 232.8   4.0   4.0
1985 426.500    4647AB      0  627    0  370 0.531  69.1 198.8   7.0 -30.0
1985 426.500    4648 B      0    3    0   20 0.995 270.5 312.8   0.0  84.0
1985 427.500    4647 B      0 1256    0  670 0.347 297.5 233.6   5.0  18.0
1985 428.500    4647 B      0  938    0  550 0.521 287.0 232.4   5.0  30.0
1985 429.500    4647 B      0  694    0  490 0.706 281.4 233.2   5.0  44.0
1985 430.500    4647 B      0  555    0  550 0.863 278.3 235.0   5.0  59.0
1985 5 1.500    4647 B      0  159    0  240 0.943 276.8 232.7   5.0  70.0
1985 5 2.500    4647 B      0   26    0  170 0.997 275.3 234.5   5.0  85.0
1985 5 2.500    4650 B      0    0    0    0 0.976  85.0  72.5   4.0 -77.0
1985 5 2.500    4651 B      0   30    0   20 0.647  69.5 111.5  10.0 -38.0
1985 5 3.500    4649 B      0   26    0   20 0.743  78.4  89.3   6.0 -47.0
1985 5 3.500    4650 B      0   16    0   20 0.909  84.9  71.3   3.0 -65.0
1985 5 3.500    4651 B      0   17    0   10 0.477  60.8 111.3  10.0 -25.0
1985 5 4.500    4649 B      0   16    0   10 0.578  74.2  89.1   6.0 -34.0
1985 5 4.500    4650 B      0   24    0   20 0.783  81.9  72.1   4.0 -51.0
1985 5 5.500    4649 B      0   18    0   10 0.348  61.9  91.9   6.0 -18.0
1985 5 5.500    4650 B      0   15    0   10 0.639  79.3  70.9   4.0 -39.0
1985 5 6.500    4649 B      0   19    0   10 0.195  20.8  92.7   7.0  -4.0
1985 5 6.500    4650 B      0   35    0   20 0.455  74.1  70.7   4.0 -26.0
1985 5 7.500    4649 B      0   78    0   40 0.213 313.0  92.4   5.0   9.0
1985 5 7.500    4650 B      0   19    0   10 0.258  60.4  70.4   4.0 -13.0
1985 5 7.500    4652 B      0  110    0  300 0.983 102.6   3.4 -13.0 -80.0
1985 5 8.500    4649 B      0  162    0   90 0.434 291.2  94.2   6.0  24.0
1985 5 8.500    4650 B      0   39    0   20 0.132 344.7  72.2   4.0   2.0
1985 5 8.500    4652 B      0  284    0  410 0.938 101.6   0.2 -12.0 -70.0
1985 5 8.500    4653 B      0    0    0    0 0.973  82.0 354.2   7.0 -76.0
1985 5 9.500    4649 B      0   94    0   60 0.617 283.9  94.0   6.0  37.0
1985 5 9.500    4650 B      0   19    0   10 0.301 294.1  73.0   4.0  16.0
1985 5 9.500    4650AB      0   15    0   10 0.602  89.1  20.0  -2.0 -37.0
1985 5 9.500    4652 B      0  511    0  460 0.831 103.5   1.0 -13.0 -56.0
1985 5 9.500    4653 B      0   17    0   20 0.903  81.8 353.0   6.0 -64.0
1985 510.500    4649 B      0   48    0   40 0.796 279.9  95.8   6.0  52.0
1985 510.500    4652 B      0  726    0  510 0.702 105.4 359.8 -13.0 -44.0
1985 510.500    4653 B      0   23    0   20 0.806  80.2 350.8   6.0 -53.0
1985 511.500    4649 B      0    7    0   10 0.930 277.6  98.5   6.0  68.0
1985 511.500    4652 B      0 1024    0  600 0.520 110.4   0.5 -13.0 -30.0
1985 511.500    4653 B      0   14    0   10 0.683  76.5 348.5   7.0 -42.0
1985 512.500    4649 B      0    2    0   10 0.989 276.5  98.3   6.0  81.0
1985 512.500    4652 B      0 1036    0  550 0.336 122.0   0.3 -13.0 -17.0
1985 513.500    4652 B      0  922    0  470 0.191 159.1   0.1 -13.0  -4.0
1985 513.500    4653 B      0   18    0   10 0.335  60.1 347.1   7.0 -17.0
1985 513.500    4654 B      0    0    0    0 0.787  94.2 312.1  -5.0 -52.0
1985 514.500    4652 B      0  796    0  410 0.236 226.1   0.9 -12.0  10.0
1985 514.500    4653 B      0   19    0   10 0.175  17.3 347.9   7.0  -3.0
1985 514.500    4654 B      0   15    0   10 0.629  94.7 311.9  -5.0 -39.0
1985 515.500    4652 B      0  688    0  380 0.423 244.0   0.6 -13.0  23.0
1985 515.500    4653 B      0   19    0   10 0.244 302.1 349.6   5.0  12.0
1985 515.500    4655 B      0   14    0   30 0.969  96.6 261.6  -7.0 -76.0
1985 516.500    4652 B      0  447    0  280 0.601 253.1   0.4 -12.0  36.0
1985 516.500    4655 B      0   61    0   70 0.898  96.6 260.4  -7.0 -64.0
1985 517.500       0 B      0   18    0   10 0.382  62.5 291.2   8.0 -20.0
1985 517.500    4652 B      0  350    0  270 0.760 256.1   0.2 -12.0  49.0
1985 517.500    4654AB      0   19    0   10 0.166 290.0 320.2   1.0   9.0
1985 517.500    4655 B      0  102    0   80 0.766  97.2 261.2  -7.0 -50.0
1985 517.500    4656 B      0   39    0  100 0.980  81.4 233.2   8.0 -78.0
1985 518.500    4652 B      0  104    0  120 0.900 256.6   2.0 -13.0  64.0
1985 518.500    4655 B      0  112    0   70 0.594 102.3 262.0  -9.0 -36.0
1985 518.500    4656 B      0   35    0   40 0.896  80.0 235.0   8.0 -63.0
1985 519.500    4652 B      0   68    0  140 0.970 257.1   0.7 -13.0  76.0
1985 519.500    4653 B      0    0    0    0 0.963 278.9 358.7   8.0  74.0
1985 519.500    4655 B      0  144    0   80 0.432 104.3 259.7  -8.0 -25.0
1985 519.500    4656 B      0  151    0  120 0.774  79.2 234.7   7.0 -50.0
1985 520.500    4655 B      0  195    0  100 0.217 119.3 260.5  -8.0 -11.0
1985 520.500    4656 B      0  209    0  130 0.592  73.7 236.5   8.0 -35.0
1985 521.500    4654AB      0    0    0    0 0.900 273.1 322.3   2.0  64.0
1985 521.500    4655 B      0  178    0   90 0.109 189.1 259.3  -8.0   1.0
1985 521.500    4656 B      0  183    0  100 0.401  67.9 236.3   7.0 -22.0
1985 522.500    4655 B      0  115    0   60 0.279 246.6 260.1  -8.0  15.0
1985 522.500    4656 B      0  117    0   60 0.217  45.8 236.1   7.0  -9.0
1985 523.500    4655 B      0  120    0   70 0.508 256.9 261.8  -8.0  30.0
1985 523.500    4655AB      0   19    0   10 0.291 304.7 245.8   8.0  14.0
1985 523.500    4656 B      0  118    0   60 0.158 326.7 236.8   6.0   5.0
1985 524.500    4655 B      0   85    0   60 0.698 260.0 262.6  -8.0  44.0
1985 524.500    4655AB      0   17    0   10 0.439 286.9 243.6   6.0  25.0
1985 524.500    4656 B      0   37    0   20 0.325 296.7 235.6   7.0  17.0
1985 524.500    4658AB      0    0    0    0 0.675  50.9 183.6  24.0 -35.0
1985 525.500    4655 B      0   44    0   40 0.830 262.5 261.4  -7.0  56.0
1985 525.500    4655AB      0    0    0    0 0.606 286.8 241.4   9.0  36.0
1985 525.500    4656 B      0   16    0   10 0.531 285.5 236.4   7.0  31.0
1985 525.500    4658AB      0    0    0    0 0.560  35.1 184.4  26.0 -21.0
1985 526.500    4655 B      0   13    0   20 0.945 263.0 263.1  -7.0  71.0
1985 526.500    4656 B      0    0    0    0 0.703 281.2 236.1   7.0  44.0
1985 527.500    4655 B      0    4    0   20 0.994 263.1 262.9  -7.0  84.0
1985 527.500    4656 B      0    0    0    0 0.909 278.2 243.9   7.0  65.0
1985 528.500    4658 B      0   18    0   10 0.336 284.8 184.7   4.0  19.0
1985 529.500    4658 B      0   16    0   10 0.535 278.9 184.4   4.0  32.0
1985 530.500    4658 B      0    0    0    0 0.697 276.5 183.2   4.0  44.0
1985 6 1.500    4659AB      0   19    0   10 0.183  58.4 103.7   5.0  -9.0
1985 6 3.500    4659 B      0    0    0    0 0.951  94.1  14.3  -4.0 -72.0
1985 6 3.500    4660 B      0   24    0   90 0.991 104.1   4.3 -14.0 -82.0
1985 6 4.500    4659 B      0   10    0   10 0.848  93.4  15.0  -3.0 -58.0
1985 6 4.500    4660 B      0   90    0  150 0.953 102.6   1.0 -12.0 -72.0
1985 6 4.500    4661 B      0   25    0   20 0.777 244.0 121.0 -20.0  48.0
1985 6 5.500    4660 B      0  181    0  190 0.879 102.5 358.8 -11.0 -61.0
1985 6 5.500    4661 B      0   17    0   20 0.897 247.6 121.8 -20.0  62.0
1985 6 5.500    4662 B      0  226    0  220 0.858 106.4   1.8 -14.0 -58.0
1985 6 6.500    4659 B      0    0    0    0 0.548  97.5  13.6  -4.0 -33.0
1985 6 6.500    4659BB      0    0    0    0 0.417 134.8  28.6 -17.0 -18.0
1985 6 6.500    4660 B      0  145    0  110 0.752 103.4 358.6 -10.0 -48.0
1985 6 6.500    4662 B      0  269    0  200 0.739 109.2   0.6 -14.0 -46.0
1985 6 6.500    4663 B      0   33    0   90 0.982  88.0 327.6   2.0 -79.0
1985 6 7.500    4660 B      0   97    0   60 0.578 107.8 359.3 -10.0 -34.0
1985 6 7.500    4662 B      0  332    0  200 0.557 116.1   2.3 -14.0 -31.0
1985 6 7.500    4663 B      0  124    0  160 0.921  90.1 326.3   0.0 -67.0
1985 6 8.500    4659 B      0   19    0   10 0.149 166.6  18.1  -8.0  -2.0
1985 6 8.500    4660 B      0  109    0   60 0.403 119.2 359.1 -11.0 -21.0
1985 6 8.500    4662 B      0  331    0  180 0.389 129.5   2.1 -14.0 -18.0
1985 6 8.500    4663 B      0  183    0  160 0.819  89.0 325.1   1.0 -55.0
1985 6 9.500    4659 B      0   39    0   20 0.165 186.0   7.9  -9.0   1.0
1985 6 9.500    4660 B      0  176    0   90 0.209 150.4   0.9 -10.0  -6.0
1985 6 9.500    4662 B      0  365    0  190 0.269 157.9   0.9 -14.0  -6.0
1985 6 9.500    4663 B      0  214    0  140 0.643  89.0 326.9   1.0 -40.0
1985 610.500    4659 B      0   57    0   30 0.301 232.4   7.6 -10.0  14.0
1985 610.500    4660 B      0   58    0   30 0.212 198.8 357.6 -11.0   4.0
1985 610.500    4662 B      0  359    0  190 0.322 207.8   2.6 -16.0   9.0
1985 610.500    4663 B      0  267    0  150 0.454  88.9 326.6   1.0 -27.0
1985 610.500    4663AB      0   15    0   10 0.613  76.0 316.6   9.0 -37.0
1985 610.500    4664 B      0   39    0   30 0.755  90.5 304.6   0.0 -49.0
1985 610.500    4665 B      0  134    0   70 0.277 233.2   6.6  -9.0  13.0
1985 611.500    4660 B      0   37    0   20 0.325 231.5 355.4 -11.0  15.0
1985 611.500    4662 B      0  327    0  180 0.417 232.7   0.4 -14.0  20.0
1985 611.500    4663 B      0  270    0  140 0.259  88.7 325.4   1.0 -15.0
1985 611.500    4663AB      0   17    0   10 0.442  70.8 315.4   9.0 -25.0
1985 611.500    4664 B      0   49    0   30 0.574  89.3 305.4   1.0 -35.0
1985 611.500    4665 B      0  142    0   80 0.450 248.2   5.4  -9.0  25.0
1985 612.500    4660 B      0   17    0   10 0.512 248.7 356.1 -10.0  29.0
1985 612.500    4662 B      0  312    0  190 0.568 245.4 359.1 -13.0  32.0
1985 612.500    4663 B      0  219    0  110 0.023 230.7 328.1   0.0   1.0
1985 612.500    4664 B      0   37    0   20 0.326  92.4 308.1   0.0 -19.0
1985 612.500    4665 B      0   91    0   60 0.644 254.9   6.1  -9.0  39.0
1985 613.500    4660 B      0    0    0    0 0.728 258.1 359.9  -8.0  46.0
1985 613.500    4662 B      0  210    0  160 0.753 250.4   0.9 -14.0  47.0
1985 613.500    4663 B      0  174    0   90 0.244 262.2 327.9  -1.0  14.0
1985 613.500    4664 B      0    0    0    0 0.077 115.8 309.9  -1.0  -4.0
1985 613.500    4665 B      0   22    0   20 0.826 258.4   8.9  -9.0  55.0
1985 614.500    4662 B      0  124    0  130 0.878 252.3   0.7 -15.0  60.0
1985 614.500    4663 B      0  178    0  100 0.455 265.7 327.7  -1.0  27.0
1985 614.500    4665 B      0    6    0   10 0.943 259.0  10.7 -10.0  70.0
1985 615.500    4662 B      0   77    0  140 0.961 254.0   0.4 -15.0  73.0
1985 615.500    4663 B      0  148    0  100 0.671 265.7 329.4  -2.0  42.0
1985 615.500    4666 B      0   52    0   30 0.472 114.0 261.4 -10.0 -26.0
1985 616.500    4662 B      0    6    0   40 0.997 256.8 359.2 -13.0  85.0
1985 616.500    4663 B      0   78    0   70 0.830 266.7 330.2  -2.0  56.0
1985 616.500    4666 B      0   38    0   20 0.295 131.4 261.2 -10.0 -13.0
1985 616.500    4667 B      0   35    0   20 0.473  71.0 247.2  10.0 -27.0
1985 617.500    4663 B      0   42    0   60 0.934 266.2 330.0  -3.0  69.0
1985 617.500    4664 B      0   13    0   10 0.744 266.0 309.0  -2.0  48.0
1985 617.500    4666 B      0   19    0   10 0.199 175.0 260.0 -10.0  -1.0
1985 618.500    4663 B      0    8    0   30 0.990 268.8 329.7  -1.0  82.0
1985 618.500    4666 B      0   19    0   10 0.275 228.4 259.7  -9.0  12.0
1985 619.500    4667 B      0   19    0   10 0.285 309.3 247.5  12.0  13.0
1985 620.500    4667 B      0   17    0   10 0.465 292.9 247.3  12.0  26.0
1985 621.500    4667 B      0   14    0   10 0.663 283.0 249.0  10.0  41.0
1985 622.500    4667 B      0    0    0    0 0.821 279.6 249.8   9.0  55.0
1985 623.500    4667 B      0    6    0   10 0.945 279.9 252.5  10.0  71.0
1985 623.500    4668 B      0   34    0   20 0.493 123.8 156.5 -14.0 -25.0
1985 624.500    4668 B      0   56    0   30 0.326 148.9 158.3 -14.0 -10.0
1985 625.500    4668 B      0   38    0   20 0.289 193.5 159.1 -14.0   4.0
1985 626.500    4668 B      0   18    0   10 0.388 223.5 157.8 -14.0  16.0
1985 626.500    4669 B      0   18    0   10 0.391 120.1 121.8  -9.0 -20.0
1985 627.500    4669 B      0   19    0   10 0.278 154.6 121.6 -12.0  -7.0
1985 628.500    4670 B      0    6    0   70 0.999  98.1  28.4  -8.0 -87.0
1985 629.500    4670 B      0   53    0   90 0.954  99.3  30.1  -8.0 -72.0
1985 630.500    4670 B      0  177    0  200 0.896  99.3  25.9  -7.0 -63.0
1985 7 1.500    4669 B      0   13    0   10 0.722 255.9 120.6  -8.0  45.0
1985 7 1.500    4670 B      0  147    0  110 0.743 102.2  28.6  -7.0 -47.0
1985 7 1.500    4671 B      0   30    0   70 0.976 106.1 359.6 -15.0 -76.0
1985 7 1.500    4671AB      0    5    0   20 0.991 105.6 354.6 -15.0 -81.0
1985 7 2.500    4670 B      0  190    0  120 0.606 105.8  26.4  -7.0 -36.0
1985 7 2.500    4671 B      0   68    0   80 0.904 107.1 359.4 -14.0 -63.0
1985 7 3.500    4670 B      0  218    0  120 0.410 115.0  27.2  -7.0 -22.0
1985 7 3.500    4670BB      0   19    0   10 0.309  93.5  31.2   2.0 -18.0
1985 7 3.500    4671 B      0  158    0  130 0.793 110.4 359.2 -14.0 -50.0
1985 7 4.500    4670 B      0  214    0  110 0.230 148.4  28.9  -8.0  -7.0
1985 7 4.500    4670AB      0   19    0   10 0.114 294.2  41.9   6.0   6.0
1985 7 4.500    4671 B      0  184    0  120 0.639 116.7 359.9 -14.0 -36.0
1985 7 4.500    4672 B      0   29    0   20 0.683 121.0 357.9 -18.0 -38.0
1985 7 5.500    4670 B      0  214    0  110 0.224 207.6  28.7  -8.0   6.0
1985 7 5.500    4671 B      0  228    0  130 0.480 127.9 359.7 -14.0 -23.0
1985 7 5.500    4672 B      0  151    0   90 0.540 131.9 357.7 -18.0 -25.0
1985 7 6.500    4670 B      0  145    0   80 0.413 238.9  30.5  -9.0  21.0
1985 7 6.500    4671 B      0  206    0  110 0.345 150.7 359.5 -14.0 -10.0
1985 7 6.500    4672 B      0  346    0  190 0.409 153.6 358.5 -18.0 -11.0
1985 7 6.500    4674 B      0   19    0   10 0.234 201.6  14.5  -9.0   5.0
1985 7 6.500    4675 B      0   15    0   10 0.655  86.5 328.5   5.0 -41.0
1985 7 6.500    4676 B      0   15    0   10 0.642  83.3 329.5   7.0 -40.0
1985 7 7.500    4670 B      0  128    0   80 0.595 247.7  30.2 -10.0  34.0
1985 7 7.500    4671 B      0  190    0  100 0.305 186.4 358.2 -14.0   2.0
1985 7 7.500    4672 B      0 1084    0  580 0.356 188.1 359.2 -17.0   3.0
1985 7 7.500    4674 B      0   76    0   40 0.302 232.7  10.2  -7.0  14.0
1985 7 7.500    4675AB      0   15    0   10 0.661  97.2 315.2  -2.0 -41.0
1985 7 7.500    4675BB      0   14    0   10 0.674  97.0 314.2  -2.0 -42.0
1985 7 8.500    4670 B      0   76    0   60 0.771 255.1  32.0  -9.0  49.0
1985 7 8.500    4671 B      0  832    0  460 0.426 221.5 360.0 -15.0  17.0
1985 7 8.500    4672 B      0  863    0  480 0.438 220.0 360.0 -16.0  17.0
1985 7 8.500    4674 B      0  171    0  100 0.518 247.8  12.0  -8.0  29.0
1985 7 9.500    4670 B      0   46    0   50 0.883 258.8  30.8  -8.0  61.0
1985 7 9.500    4671 B      0  817    0  500 0.576 236.9 359.8 -15.0  30.0
1985 7 9.500    4674 B      0  291    0  200 0.686 255.5  11.8  -7.0  42.0
1985 7 9.500    4674AB      0   15    0   10 0.655 273.2  10.8   5.0  41.0
1985 7 9.500    4675 B      0  159    0   80 0.018 277.9 330.8   4.0   1.0
1985 7 9.500    4676 B      0   99    0   50 0.018 277.9 330.8   4.0   1.0
1985 710.500    4670 B      0   24    0   50 0.970 259.7  31.5  -9.0  75.0
1985 710.500    4671 B      0  714    0  520 0.727 245.0 359.5 -15.0  43.0
1985 710.500    4674 B      0  324    0  290 0.829 258.8  11.5  -7.0  55.0
1985 710.500    4676 B      0  194    0  100 0.242 274.8 330.5   5.0  14.0
1985 711.500    4671 B      0  674    0  670 0.864 248.8   0.3 -16.0  57.0
1985 711.500    4674 B      0  117    0  180 0.945 260.1  13.3  -8.0  70.0
1985 711.500    4676 B      0  229    0  130 0.468 270.9 331.3   4.0  28.0
1985 712.500    4671 B      0  259    0  420 0.951 251.7   0.1 -16.0  70.0
1985 712.500    4674 B      0   32    0  100 0.987 262.2  10.1  -7.0  80.0
1985 712.500    4676 B      0  136    0   90 0.655 271.3 331.1   4.0  41.0
1985 713.500    4671 B      0    9    0  110 0.999 254.7   2.8 -15.0  86.0
1985 713.500    4675CB      0    7    0   10 0.926  87.4 208.8   4.0 -68.0
1985 713.500    4676 B      0   48    0   40 0.797 271.8 329.8   4.0  53.0
1985 714.500    4676 B      0   14    0   20 0.933 271.5 332.6   3.0  69.0
1985 715.500    4676 B      0    2    0   10 0.992 272.5 333.4   3.0  83.0
1985 716.500    4677 B      0   44    0   90 0.969 105.7 163.1 -14.0 -74.0
1985 717.500    4677 B      0   54    0   60 0.893 108.2 162.9 -14.0 -61.0
1985 718.500    4677 B      0   63    0   50 0.769 112.6 163.7 -14.0 -47.0
1985 719.500    4677 B      0   78    0   50 0.624 119.6 163.4 -14.0 -34.0
1985 720.500    4677 B      0   53    0   30 0.460 133.9 164.2 -14.0 -20.0
1985 721.500    4677 B      0   37    0   20 0.337 156.3 163.0 -13.0  -8.0
1985 722.500    4677 B      0   19    0   10 0.311 199.2 163.7 -12.0   6.0
1985 722.500    4678 B      0    0    0    0 0.869 108.1  99.7 -13.0 -58.0
1985 723.500    4677 B      0   17    0   10 0.442 225.9 163.5 -13.0  19.0
1985 723.500    4678 B      0   13    0   10 0.731 111.7 100.5 -12.0 -44.0
1985 724.500    4678 B      0   16    0   10 0.566 120.2 101.3 -12.0 -30.0
1985 725.500    4678 B      0   18    0   10 0.399 137.5 102.1 -12.0 -16.0
1985 725.500    4679 B      0   19    0   10 0.058 180.0 118.1   2.0   0.0
1985 726.500    4679 B      0   19    0   10 0.248 256.8 118.8   2.0  14.0
1985 726.500    4680 B      0    0    0  110 1.000  83.1  15.8   7.0 -89.0
1985 727.500    4680 B      0   11    0   20 0.954  85.4  18.6   6.0 -73.0
1985 728.500    4677AB      0    0    0    0 0.832 257.7 133.4  -7.0  55.0
1985 728.500    4678AB      0    0    0    0 0.631 203.7  95.4 -30.0  17.0
1985 728.500    4680 B      0   65    0   80 0.911  85.9  12.4   6.0 -66.0
1985 728.500    4681 B      0   19    0   20 0.867 106.1  20.4 -11.0 -58.0
1985 728.500    4682 B      0   41    0  100 0.978 105.6   2.4 -14.0 -76.0
1985 728.500    4683 B      0    0    0    0 0.832 257.7 133.4  -7.0  55.0
1985 729.500    4678BB      0   19    0   10 0.080  59.2  61.1   8.0  -4.0
1985 729.500    4680 B      0  151    0  120 0.774  85.6  14.1   7.0 -51.0
1985 729.500    4681 B      0   13    0   10 0.741 110.4  20.1 -11.0 -45.0
1985 729.500    4682 B      0   90    0  110 0.912 109.3   2.1 -15.0 -63.0
1985 729.500    4683 B      0   39    0   60 0.945 260.6 135.1  -7.0  70.0
1985 730.500    4680 B      0  142    0   90 0.613  86.0  13.9   7.0 -38.0
1985 730.500    4681 B      0   16    0   10 0.575 118.4  20.9 -11.0 -31.0
1985 730.500    4682 B      0  147    0  120 0.790 111.4   2.9 -13.0 -49.0
1985 730.500    4683 B      0    1    0   10 0.997 262.5 136.9  -7.0  85.0
1985 731.500    4680 B      0  128    0   70 0.389  85.7  15.7   7.0 -23.0
1985 731.500    4680AB      0   51    0   30 0.512  86.1   7.7   7.0 -31.0
1985 731.500    4682 B      0  198    0  130 0.648 117.9   2.7 -13.0 -36.0
1985 8 1.500    4680 B      0  158    0   80 0.156  88.7  16.5   6.0  -9.0
1985 8 1.500    4681 B      0    0    0    0 0.334 165.3  20.5 -13.0  -5.0
1985 8 1.500    4682 B      0  172    0  100 0.503 134.0   3.5 -15.0 -22.0
1985 8 2.500    4680 B      0   59    0   30 0.122 279.0  19.2   7.0   7.0
1985 8 2.500    4682 B      0  185    0  100 0.379 153.6   2.2 -14.0 -10.0
1985 8 3.500    4680 B      0   37    0   20 0.373 273.8  21.0   7.0  22.0
1985 8 3.500    4681 B      0    0    0    0 0.451 227.8  19.0 -12.0  20.0
1985 8 3.500    4682 B      0  168    0   90 0.346 188.4   2.0 -14.0   3.0
1985 8 4.500    4680 B      0   16    0   10 0.571 271.8  20.8   6.0  35.0
1985 8 4.500    4680AB      0   18    0   10 0.340 270.8   5.8   6.0  20.0
1985 8 4.500    4682 B      0  162    0   90 0.435 215.1   0.8 -15.0  15.0
1985 8 5.500    4680 B      0   13    0   10 0.728 272.5  19.6   6.0  47.0
1985 8 5.500    4682 B      0  113    0   70 0.583 233.4   1.6 -15.0  29.0
1985 8 6.500    4680 B      0    9    0   10 0.888 273.6  22.3   6.0  63.0
1985 8 6.500    4682 B      0   94    0   70 0.738 243.1   2.3 -15.0  43.0
1985 8 6.500    4682BB      0   19    0   10 0.076 223.1 322.3   3.0   3.0
1985 8 7.500    4680 B      0    7    0   10 0.920 269.5  13.1   2.0  67.0
1985 8 7.500    4682 B      0   39    0   40 0.869 248.8   3.1 -15.0  57.0
1985 8 8.500    4682 B      0   23    0   40 0.954 252.1   2.9 -15.0  70.0
1985 8 8.500    4687 B      0    9    0   10 0.886  94.5 230.9  -1.0 -62.0
1985 8 8.500    4688 B      0    6    0   10 0.947  80.5 220.9  11.0 -72.0
1985 8 9.500    4682 B      0    5    0   30 0.996 254.3   2.7 -15.0  83.0
1985 8 9.500    4687 B      0   39    0   30 0.749  97.0 231.7  -1.0 -48.0
1985 810.500    4687 B      0   32    0   20 0.570 101.2 232.5  -1.0 -34.0
1985 811.500    4687 B      0   18    0   10 0.370 112.4 233.2  -2.0 -20.0
1985 811.500    4688 B      0    0    0    0 0.482  83.1 224.2   9.0 -29.0
1985 817.500    4689 B      0   19    0   10 0.306 180.0 173.9 -11.0   0.0
1985 817.500    4690 B      0    0    0    0 0.489 203.5 185.9 -20.0  12.0
1985 818.500    4689 B      0   18    0   10 0.385 218.1 174.7 -11.0  14.0
1985 819.500    4690 B      0   14    0   10 0.707 235.9 185.5 -18.0  38.0
1985 820.500    4690 B      0   21    0   20 0.844 244.8 187.3 -17.0  53.0
1985 825.500    4689CB      0   17    0   10 0.515 103.9  38.2  -1.0 -30.0
1985 825.500    4692 B      0    0    0    0 0.852  84.9   9.2   8.0 -59.0
1985 826.500    4689BB      0   15    0   10 0.628 247.8  91.0  -8.0  36.0
1985 827.500    4691 B      0   12    0   10 0.796  89.1 348.8   5.0 -53.0
1985 828.500    4691 B      0    0    0    0 0.628  92.5 349.6   4.0 -39.0
1985 829.500    4691 B      0    0    0    0 0.405  91.4 351.4   6.0 -24.0
1985 830.500    4692 B      0    0    0    0 0.104 268.6   8.2   7.0   6.0
1985 831.500    4691 B      0   19    0   10 0.065 233.8 351.9   5.0   3.0
1985 831.500    4692 B      0   18    0   10 0.339 270.7   8.9   7.0  20.0
1985 9 1.500    4691 B      0    0    0    0 0.293 263.5 352.7   5.0  17.0
1985 9 7.500    4693AB      0   19    0   10 0.052 265.4 259.5   7.0   3.0
1985 911.500    4693 B      0   17    0   10 0.465 161.4 194.7 -19.0  -9.0
1985 913.500    4694 B      0    8    0   20 0.977 101.9 101.3 -10.0 -76.0
1985 914.500    4694 B      0   27    0   30 0.892 105.1 103.1 -10.0 -61.0
1985 915.500    4693BB      0    0    0    0 0.466  20.1 139.9  33.0 -11.0
1985 915.500    4694 B      0   75    0   60 0.775 109.2 102.9 -10.0 -48.0
1985 916.500    4693BB      0   15    0   10 0.646 356.1 140.7  33.0   3.0
1985 916.500    4694 B      0   79    0   50 0.603 117.2 104.7 -10.0 -33.0
1985 917.500    4694 B      0   73    0   40 0.409 138.6 108.5 -11.0 -16.0
1985 918.500    4694 B      0   75    0   40 0.313 173.7 109.3 -11.0  -2.0
1985 919.500    4694 B      0   55    0   30 0.361 211.3 109.1 -11.0  11.0
1985 920.500    4694 B      0  119    0   70 0.520 232.6 109.9 -12.0  25.0
1985 921.500    4694 B      0   14    0   10 0.685 244.0 110.7 -12.0  39.0
1985 929.500    4695 B      0   17    0   10 0.450 140.9 309.1 -14.0 -17.0
1985 930.500    4695 B      0   37    0   20 0.357 171.8 309.9 -14.0  -3.0
19851011.500    4697AB      0    0    0    0 0.304 137.3 155.7  -7.0 -12.0
19851013.500    4697BB      0   19    0   10 0.284 205.1 148.4  -9.0   7.0
19851013.500    4697CB      0    0    0    0 0.308 183.2 142.4 -12.0   1.0
19851014.500    4697 B      0   55    0   30 0.374 174.8 126.2 -16.0  -2.0
19851015.500    4697 B      0   36    0   20 0.420 208.5 127.0 -16.0  12.0
19851015.500    4697DB      0    0    0    0 0.266 207.0 122.0  -8.0   7.0
19851015.500    4698 B      0    8    0   70 0.998  85.3  28.0   5.0 -87.0
19851016.500    4697 B      0   16    0   10 0.574 229.1 128.8 -17.0  27.0
19851016.500    4698 B      0   79    0  150 0.964  86.4  26.8   5.0 -75.0
19851017.500    4698 B      0  311    0  340 0.889  87.3  25.6   5.0 -63.0
19851017.500    4699 B      0    0    0    0 0.897  88.3  24.6   4.0 -64.0
19851018.500    4698 B      0  273    0  200 0.730  89.7  28.4   4.0 -47.0
19851018.500    4699 B      0    0    0    0 0.905  88.2  10.4   4.0 -65.0
19851019.500    4698 B      0  459    0  280 0.571  89.1  27.2   5.0 -35.0
19851019.500    4699 B      0   64    0   50 0.764  88.1  12.2   5.0 -50.0
19851020.500    4697EB      0   18    0   10 0.337 146.2  38.0 -11.0 -11.0
19851020.500    4697FB      0    0    0    0 0.361 115.9  30.0  -4.0 -19.0
19851020.500    4698 B      0  519    0  280 0.373  90.0  27.0   5.0 -22.0
19851020.500    4699 B      0  131    0   80 0.571  89.0  14.0   5.0 -35.0
19851021.500    4698 B      0  476    0  240 0.124 100.2  28.8   4.0  -7.0
19851021.500    4699 B      0  186    0  100 0.357  89.8  14.8   5.0 -21.0
19851022.500    4698 B      0  517    0  260 0.104 268.3  28.7   5.0   6.0
19851022.500    4699 B      0  516    0  260 0.122  83.1  15.7   6.0  -7.0
19851023.500    4698 B      0  429    0  230 0.358 267.8  30.5   4.0  21.0
19851023.500    4699 B      0  612    0  310 0.156 269.7  18.5   5.0   9.0
19851024.500    4698 B      0  328    0  200 0.572 271.5  31.3   5.0  35.0
19851024.500    4699 B      0  519    0  280 0.373 273.6  18.3   6.0  22.0
19851025.500    4698 B      0  174    0  130 0.741 270.9  31.1   4.0  48.0
19851025.500    4699 B      0  340    0  210 0.586 273.4  19.1   6.0  36.0
19851026.500    4698 B      0  106    0  120 0.897 272.1  33.9   4.0  64.0
19851026.500    4699 B      0  155    0  120 0.763 275.1  19.9   7.0  50.0
19851027.500    4698 B      0   39    0   80 0.969 272.9  32.7   4.0  76.0
19851027.500    4699 B      0   71    0   80 0.896 274.4  20.7   6.0  64.0
19851028.500    4699 B      0   34    0   80 0.977 273.1  21.5   4.0  78.0
19851029.500    4699 A      0   14    0   50 0.989 275.8  16.0   5.0  99.0
19851031.500    4700 B      0    0    0    0 0.727  72.0 218.0  16.0 -46.0
198511 5.500    4700 B      0   54    0   30 0.413 298.7 220.0  15.0  22.0
198511 6.500    4700 B      0  113    0   70 0.588 288.8 219.9  14.0  35.0
198511 7.500    4700 B      0   91    0   70 0.759 285.4 220.7  14.0  49.0
198511 8.500    4700 B      0   79    0   90 0.898 282.8 222.5  13.0  64.0
198511 8.500    4701 B      0    0    0   60 1.000  99.1  70.5  -9.0 -88.0
198511 9.500    4700 B      0   13    0   30 0.973 282.6 222.3  13.0  77.0
198511 9.500    4701 B      0   26    0   50 0.965 101.3  71.3 -10.0 -74.0
19851110.500    4700 B      0    5    0   30 0.995 282.8 217.1  13.0  85.0
19851110.500    4701 B      0   56    0   60 0.884 103.1  71.1 -10.0 -61.0
19851111.500    4701 B      0  119    0   90 0.750 106.3  71.9 -10.0 -47.0
19851112.500    4701 B      0  178    0  110 0.584 113.7  72.7 -11.0 -33.0
19851112.500    4702 B      0    5    0   20 0.990  87.4  23.7   3.0 -82.0
19851113.500    4701 B      0  110    0   60 0.389 124.6  73.6 -10.0 -19.0
19851113.500    4702 B      0    8    0   10 0.905  87.0  27.6   4.0 -65.0
19851113.500    4703 B      0   20    0   20 0.865 101.0  33.6  -8.0 -59.0
19851114.500    4701 B      0  115    0   60 0.270 145.1  70.4 -10.0  -9.0
19851114.500    4702 B      0   12    0   10 0.798  88.4  26.4   3.0 -53.0
19851114.500    4703 B      0   93    0   70 0.747 104.7  32.4  -9.0 -47.0
19851115.500    4701 B      0   58    0   30 0.220 203.0  71.2  -9.0   5.0
19851115.500    4702 B      0   15    0   10 0.615  88.6  28.2   3.0 -38.0
19851115.500    4703 B      0  427    0  260 0.568 108.3  33.2  -8.0 -33.0
19851116.500    4701 B      0   18    0   10 0.392 239.6  73.0  -9.0  20.0
19851116.500    4703 B      0  387    0  210 0.384 118.1  33.0  -8.0 -20.0
19851116.500    4704 B      0   12    0   10 0.766  89.6   3.0   2.0 -50.0
19851117.500    4701 B      0   16    0   10 0.589 249.3  73.8 -10.0  34.0
19851117.500    4702 B      0   19    0   10 0.031 145.5  38.8   1.0  -1.0
19851117.500    4703 B      0  293    0  150 0.209 150.3  33.8  -8.0  -6.0
19851117.500    4704 B      0   49    0   30 0.574  91.8   4.8   1.0 -35.0
19851118.500    4702 B      0    0    0    0 0.184 302.6  35.7   8.0   9.0
19851118.500    4703 B      0  252    0  130 0.240 215.0  34.7  -9.0   8.0
19851118.500    4704 B      0   37    0   20 0.358  90.5   5.7   2.0 -21.0
19851119.500    4703 B      0  181    0  100 0.417 242.6  35.5  -9.0  22.0
19851119.500    4704 B      0   19    0   10 0.090 103.6   8.5   1.0  -5.0
19851120.500    4703 B      0  158    0  100 0.609 252.3  36.3  -9.0  36.0
19851120.500    4704 B      0   19    0   10 0.174 269.6  10.3   2.0  10.0
19851121.500    4703 B      0   86    0   70 0.788 257.0  38.1  -9.0  51.0
19851121.500    4704 B      0   18    0   10 0.391 267.9  10.1   1.0  23.0
19851122.500    4703 B      0   15    0   20 0.925 259.5  40.9  -9.0  67.0
19851123.500    4703 B      0    3    0   10 0.986 260.6  40.7  -9.0  80.0
198512 2.500    4705 B      0   19    0   10 0.228 162.6 198.1 -12.0  -4.0
198512 3.500    4705 B      0   19    0   10 0.262 220.6 199.0 -11.0  10.0
198512 5.500    4706 B      0   34    0   20 0.520 313.1 186.6  21.0  24.0
198512 6.500    4706 B      0   59    0   40 0.666 299.1 187.4  19.0  38.0
198512 6.500    4707 B      0    0    0    0 0.441  71.8 124.4   8.0 -25.0
198512 7.500    4706 B      0   46    0   40 0.816 294.8 188.2  20.0  52.0
198512 7.500    4707 B      0   19    0   10 0.235  53.5 125.2   8.0 -11.0
198512 8.500    4706 B      0    6    0   10 0.942 291.4 192.1  20.0  69.0
198512 9.500    4708 B      0    5    0   20 0.990  85.9  27.9   4.0 -82.0
19851210.500    4708 B      0   21    0   30 0.934  85.6  27.7   4.0 -69.0
19851211.500    4708 B      0   57    0   50 0.820  85.9  28.5   3.0 -55.0
19851212.500    4708 B      0  103    0   70 0.672  83.3  28.4   4.0 -42.0
19851213.500    4708 B      0   87    0   50 0.488  82.4  28.2   3.0 -29.0
19851214.500    4708 B      0   76    0   40 0.272  71.6  29.0   4.0 -15.0
19851214.500    4709 B      0   46    0   30 0.640 104.6   5.0 -10.0 -39.0
19851215.500    4708 B      0  139    0   70 0.103  30.6  27.8   4.0  -3.0
19851215.500    4709 B      0   71    0   40 0.440 108.5   5.8  -9.0 -25.0
19851216.500    4708 B      0  157    0   80 0.188 292.8  27.7   3.0  10.0
19851216.500    4709 B      0  136    0   70 0.223 122.2   6.7  -8.0 -11.0
19851217.500    4708 B      0  146    0   80 0.397 280.7  27.5   3.0  23.0
19851217.500    4709 B      0  178    0   90 0.127 204.0   7.5  -8.0   3.0
19851218.500    4708 B      0   80    0   50 0.591 277.1  27.3   3.0  36.0
19851218.500    4709 B      0  152    0   80 0.303 244.1   7.3  -9.0  16.0
19851219.500    4708 B      0   24    0   20 0.789 272.5  30.1   1.0  52.0
19851219.500    4709 B      0  101    0   60 0.529 253.5   9.1 -10.0  31.0
19851220.500    4708 B      0    0    0    0 0.928 275.0  33.0   4.0  68.0
19851220.500    4709 B      0   41    0   30 0.725 257.8  11.0 -10.0  46.0
19851221.500    4709 B      0   29    0   30 0.867 259.5  11.8 -10.0  60.0
