1987 1 1.500    4763 A      0  132    0   70 0.331  61.5  12.3   6.0 -17.0
1987 1 2.500    4763 A      0   98    0   50 0.184  28.1  11.2   6.0  -5.0
1987 1 3.500    4763 A      0   77    0   40 0.250 316.4  13.0   7.0  10.0
1987 1 4.500    4763 A      0   53    0   30 0.441 293.8  13.8   7.0  24.0
1987 1 5.500    4763 A      0   15    0   10 0.632 284.2  14.6   6.0  38.0
1987 1 6.500    4763 A      0    0    0    0 0.785 279.4  14.5   5.0  51.0
1987 1 7.500    4763 A      0    0    0    0 0.910 277.3  15.3   5.0  65.0
1987 114.500    4764 B      0    3    0   10 0.982 113.6 138.1 -24.0 -80.0
1987 115.500    4764 B      0    8    0   10 0.916 115.3 139.0 -25.0 -66.0
1987 116.500    4764 A      0   11    0   10 0.813 116.2 138.8 -24.0 -53.0
1987 117.500    4764 A      0    0    0    0 0.726 123.1 135.6 -27.0 -43.0
1987 117.500    4765 A      0   11    0   10 0.811 120.0 126.6 -27.0 -52.0
1987 118.500    4765 A      0    0    0    0 0.700 122.6 124.5 -26.0 -41.0
1987 118.500    4766 A      0    3    0   10 0.987 113.5  83.5 -24.0 -82.0
1987 119.500    4766 A      0    0    0    0 0.919 110.7  85.3 -21.0 -67.0
1987 120.500    4766 A      0   11    0   10 0.817 113.3  85.1 -22.0 -54.0
1987 121.500    4765 A      0   56    0   30 0.337 180.0 126.0 -25.0   0.0
1987 122.500    4765 A      0  127    0   70 0.408 209.7 125.8 -26.0  13.0
1987 123.500    4764BA      0   17    0   10 0.503 285.6 128.6   3.0  29.0
1987 123.500    4765 B      0  102    0   60 0.525 229.2 125.6 -25.0  26.0
1987 124.500    4764BB      0   14    0   10 0.690 278.8 129.5   2.0  43.0
1987 124.500    4765 B      0   29    0   20 0.671 238.3 125.5 -25.0  39.0
1987 125.500    4765 B      0   12    0   10 0.784 242.4 123.3 -25.0  50.0
1987 125.500    4767 B      0    0    0    0 0.981  75.5 356.3  13.0 -77.0
1987 126.500    4765 B      0    8    0   10 0.899 244.9 124.1 -25.0  64.0
1987 126.500    4767 B      0   17    0   20 0.900  73.7 358.1  12.0 -62.0
1987 127.500    4767 BD     0   24    0   20 0.790  68.6 358.0  13.0 -49.0
1987 127.500    4768 B      0    0    0    0 0.971 127.8 330.0 -38.0 -77.0
1987 128.500    4767 B      0   15    0   10 0.643  63.4 357.8  12.0 -36.0
1987 128.500    4768 B      0    8    0   10 0.902 129.6 331.8 -38.0 -62.0
1987 129.500    4767 B      0   17    0   10 0.495  50.3 357.6  13.0 -23.0
1987 129.500    4768 A      0   11    0   10 0.827 131.4 329.6 -37.0 -51.0
1987 131.500    4768 A      0    0    0    0 0.600 150.1 332.3 -37.0 -22.0
1987 2 9.500    4769 A      0   13    0   10 0.740  90.7 187.8  -5.0 -48.0
1987 210.500    4769 A      0   16    0   10 0.556  90.8 188.6  -6.0 -34.0
1987 211.500    4770 A      0    0    0    0 0.618  76.4 172.5   3.0 -37.0
1987 212.500    4770 A      0   18    0   10 0.422  67.6 173.3   3.0 -23.0
1987 214.500    4771 B      0   36    0   20 0.431  13.3 164.0  18.0  -6.0
1987 215.500    4771 B      0   17    0   10 0.445 340.5 165.8  18.0   9.0
1987 220.500    4772 B      0    0    0    0 0.894 113.3  26.9 -24.0 -64.0
1987 224.500    4773 B      0    3    0   40 0.999  52.2 317.3  37.0 -81.0
1987 225.500    4772 A      0   19    0   10 0.293 189.4  28.1 -24.0   3.0
1987 225.500    4773 A      0   13    0   40 0.986  49.4 313.1  38.0 -72.0
1987 226.500    4772 A      0    0    0    0 0.367 217.1  25.9 -24.0  14.0
1987 226.500    4773 A      0   25    0   40 0.948  44.6 312.9  39.0 -59.0
1987 227.500    4772 B      0   17    0   10 0.525 234.8  26.8 -24.0  28.0
1987 227.500    4773 A      0   37    0   40 0.880  39.3 313.8  38.0 -45.0
1987 228.500    4773 A      0   34    0   30 0.816  31.7 312.6  38.0 -33.0
1987 228.500    4775 B      0    0    0    0 0.437 174.2 342.6 -33.0  -3.0
1987 3 1.500    4773 A      0   64    0   50 0.760  19.4 313.4  39.0 -19.0
1987 3 1.500    4775 A      0   17    0   10 0.451 201.0 343.4 -32.0  11.0
1987 3 2.500    4773 B      0   83    0   60 0.720   9.9 310.2  38.0  -9.0
1987 3 2.500    4775 B      0   33    0   20 0.560 217.6 343.2 -33.0  24.0
1987 3 3.500    4773 B      0   14    0   10 0.713 354.5 311.1  38.0   5.0
1987 3 3.500    4775 B      0   14    0   10 0.668 225.4 341.1 -34.0  35.0
1987 3 4.500    4773 B      0   26    0   20 0.739 342.9 308.9  38.0  16.0
1987 3 4.500    4777 B      0    8    0   10 0.907 250.2 358.9 -21.0  66.0
1987 3 4.500    4778 B      0    0    0    0 0.290  32.4 283.9   7.0  -9.0
1987 3 5.500    4773 B      0   12    0   10 0.795 331.3 308.7  38.0  29.0
1987 3 5.500    4777 B      0   12    0   30 0.978 249.0 359.7 -22.0  80.0
1987 3 5.500    4778 B      0   57    0   30 0.260 340.6 284.7   7.0   5.0
1987 3 6.500    4773 B      0    0    0    0 0.853 322.1 307.5  37.0  41.0
1987 3 6.500    4778 A      0  128    0   70 0.393 304.5 285.5   6.0  19.0
1987 3 7.500    4778 A      0  146    0   90 0.581 291.1 286.4   6.0  33.0
1987 3 8.500    4778 A      0  148    0  110 0.737 283.6 286.2   5.0  46.0
1987 3 9.500    4778 A      0  102    0  110 0.885 280.7 288.0   6.0  61.0
1987 310.500    4778 A      0   40    0   90 0.974 277.9 289.8   6.0  76.0
1987 311.500    4778 A      0    2    0   30 0.999 275.3 287.7   5.0  87.0
1987 314.500    4779 B      0   13    0   40 0.986 121.4  78.1 -32.0 -83.0
1987 314.500    4780 A      0    0    0    0 0.638 111.3 122.1 -19.0 -39.0
1987 315.500    4779 A      0   20    0   30 0.941 121.5  76.9 -32.0 -71.0
1987 316.500    4779 A      0   19    0   20 0.867 123.0  75.8 -32.0 -59.0
1987 316.500    4780 A      0    0    0    0 0.310 132.5 120.8 -19.0 -14.0
1987 317.500    4779 A      0   12    0   10 0.760 126.6  75.6 -32.0 -46.0
1987 317.500    4780 A      0   39    0   20 0.207 184.6 122.6 -19.0   1.0
1987 318.500    4779 A      0   15    0   10 0.654 134.1  74.4 -33.0 -34.0
1987 318.500    4780 A      0   19    0   10 0.311 227.4 122.4 -19.0  14.0
1987 319.500    4779 A      0   16    0   10 0.537 146.0  74.2 -33.0 -21.0
1987 319.500    4780 A      0   17    0   10 0.491 245.4 123.2 -18.0  28.0
1987 320.500    4779 B      0   17    0   10 0.455 165.1  74.0 -33.0  -8.0
1987 320.500    4781 B      0   17    0   10 0.523  10.5  76.0  24.0  -6.0
1987 321.500    4781 B      0   50    0   30 0.547 345.0  77.8  25.0   9.0
1987 322.500    4781 B      0   78    0   50 0.618 324.8  78.7  24.0  23.0
1987 323.500    4781 B      0  108    0   80 0.737 311.8  79.5  24.0  37.0
1987 323.500    4782 B      0    0    0    0 0.394 300.2  62.5   5.0  20.0
1987 323.500    4782AA      0    0    0    0 0.406 128.1  22.5 -21.0 -20.0
1987 324.500    4781 A      0   87    0   80 0.837 304.6  78.3  24.0  49.0
1987 324.500    4782 A      0   16    0   10 0.583 286.7  63.3   4.0  34.0
1987 325.500    4781 A      0   27    0   40 0.937 298.8  80.1  24.0  64.0
1987 325.500    4783 A      0   37    0  170 0.994  85.2 293.1   4.0 -83.0
1987 326.500    4781 A      0    3    0   10 0.982 296.1  77.9  24.0  75.0
1987 326.500    4783 A      0  130    0  190 0.939  82.1 293.9   5.0 -69.0
1987 327.500    4783 B      0  184    0  170 0.840  79.6 293.7   5.0 -56.0
1987 328.500    4782AB      0    0    0    0 0.719 245.7  21.5 -22.0  45.0
1987 328.500    4783 A      0  257    0  180 0.698  77.3 293.5   4.0 -43.0
1987 329.500    4783 B      0  204    0  120 0.523  67.1 294.4   6.0 -29.0
1987 330.500    4782AB      0    7    0   10 0.923 244.5  18.2 -26.0  68.0
1987 330.500    4783 B      0  300    0  160 0.342  58.6 293.2   4.0 -17.0
1987 330.500    4784 A      0    0    0    0 0.776 319.5 346.2  31.0  36.0
1987 331.500    4783 A      0  294    0  150 0.195  20.9 293.0   4.0  -4.0
1987 331.500    4784 B      0    9    0   10 0.876 312.2 347.0  32.0  50.0
1987 331.500    4784AB      0   19    0   10 0.291 202.9 304.0 -22.0   7.0
1987 4 1.500    4783 B      0  231    0  120 0.261 313.3 294.8   4.0  11.0
1987 4 2.500    4783 B      0  214    0  120 0.447 294.9 294.6   5.0  24.0
1987 4 3.500    4783 B      0  187    0  120 0.624 286.2 294.4   5.0  37.0
1987 4 4.500    4783 B      0  134    0  110 0.792 282.6 295.2   6.0  51.0
1987 4 4.500    4786 B      0   17    0   20 0.903 112.5 179.2 -23.0 -65.0
1987 4 5.500    4783 B      0  102    0  120 0.905 278.5 295.0   5.0  64.0
1987 4 5.500    4786 A      0   60    0   50 0.794 113.0 179.0 -22.0 -52.0
1987 4 6.500    4783 A      0   35    0   90 0.980 276.4 295.8   5.0  78.0
1987 4 6.500    4786 A      0  378    0  250 0.654 116.9 178.8 -22.0 -39.0
1987 4 6.500    4787 A      0   53    0  130 0.979 121.5 137.8 -32.0 -80.0
1987 4 7.500    4786 A      0  743    0  430 0.503 126.7 178.6 -23.0 -26.0
1987 4 7.500    4787 B      0  253    0  320 0.918 123.4 138.6 -33.0 -66.0
1987 4 7.500    4788 B      0   19    0   10 0.308 183.0 205.6 -24.0   1.0
1987 4 7.500    4789 A      0   22    0   60 0.983  95.0 124.6  -6.0 -80.0
1987 4 8.500    4786 B      0  783    0  420 0.360 144.9 178.4 -23.0 -13.0
1987 4 8.500    4787 B      0  310    0  290 0.845 125.6 136.4 -33.0 -55.0
1987 4 8.500    4788 B      0   18    0   10 0.382 215.3 205.4 -24.0  14.0
1987 4 8.500    4789 B      0   71    0   90 0.918  92.9 124.4  -5.0 -67.0
1987 4 8.500    4790 B      0  172    0  170 0.861 121.5 133.4 -30.0 -58.0
1987 4 9.500    4786 B      0  649    0  340 0.294 180.0 178.2 -23.0   0.0
1987 4 9.500    4787 B      0  186    0  140 0.746 129.9 135.2 -33.0 -43.0
1987 4 9.500    4788 A      0   16    0   10 0.548 234.0 207.2 -24.0  29.0
1987 4 9.500    4789 B      0  139    0  130 0.845  93.4 120.2  -6.0 -58.0
1987 4 9.500    4790 A      0  324    0  250 0.760 124.9 132.2 -30.0 -46.0
1987 4 9.500    4792 B      0    0    0    0 0.909 104.9 112.2 -16.0 -66.0
1987 410.500    4786 B      0  410    0  220 0.362 214.9 178.0 -23.0  13.0
1987 410.500    4787 B      0  392    0  250 0.620 136.8 135.0 -32.0 -30.0
1987 410.500    4789 B      0  167    0  120 0.716  92.7 119.0  -6.0 -46.0
1987 410.500    4790 A      0  371    0  240 0.634 131.9 132.0 -30.0 -33.0
1987 411.500    4786 B      0  323    0  190 0.525 232.1 178.8 -24.0  27.0
1987 411.500    4787 A      0  289    0  170 0.525 148.3 132.8 -32.0 -19.0
1987 411.500    4789 B      0  157    0   90 0.483  89.9 122.8  -5.0 -29.0
1987 411.500    4790 B      0  509    0  300 0.528 142.1 129.8 -30.0 -22.0
1987 411.500    4791 B      0    4    0   20 0.993  63.9  71.8  25.0 -80.0
1987 412.500    4786 B      0  267    0  190 0.709 241.5 181.6 -24.0  43.0
1987 412.500    4787 B      0  230    0  130 0.463 172.7 134.6 -33.0  -4.0
1987 412.500    4789 B      0  233    0  120 0.224  92.0 125.6  -6.0 -13.0
1987 412.500    4790 B      0  497    0  280 0.459 159.1 127.6 -31.0 -11.0
1987 412.500    4790ABG     0   16    0   10 0.539 143.5 116.6 -31.0 -22.0
1987 412.500    4791 BG     0   43    0   70 0.951  61.4  71.6  25.0 -67.0
1987 413.500    4786 B      0  157    0  150 0.852 246.4 183.4 -23.0  58.0
1987 413.500    4787 B      0  158    0   90 0.475 194.2 133.4 -33.0   8.0
1987 413.500    4789 B      0  259    0  130 0.011   0.0 125.4  -5.0   0.0
1987 413.500    4790 B      0  573    0  320 0.444 178.1 124.4 -32.0  -1.0
1987 413.500    4791 A      0   50    0   50 0.862  57.8  72.4  24.0 -53.0
1987 414.500    4786 A      0  100    0  150 0.942 248.6 183.2 -22.0  71.0
1987 414.500    4787 A      0   83    0   50 0.555 212.8 133.2 -33.0  21.0
1987 414.500    4789 A      0  213    0  110 0.242 263.3 126.2  -7.0  14.0
1987 414.500    4790 A      0  539    0  310 0.493 204.6 126.2 -32.0  14.0
1987 414.500    4791 A      0   63    0   50 0.771  52.4  70.2  24.0 -42.0
1987 415.500    4786 A      0   24    0   90 0.991 248.5 183.0 -22.0  84.0
1987 415.500    4787 A      0   58    0   40 0.677 225.3 134.0 -33.0  35.0
1987 415.500    4789 A      0  212    0  120 0.468 265.4 127.0  -7.0  28.0
1987 415.500    4790 A      0  568    0  360 0.614 219.9 127.0 -33.0  28.0
1987 415.500    4791 A      0   30    0   20 0.654  40.6  71.0  25.0 -28.0
1987 415.500    4792 A      0   38    0   20 0.251 216.7 108.0 -17.0   9.0
1987 416.500    4787 B      0   49    0   40 0.789 233.0 133.8 -32.0  48.0
1987 416.500    4789 A      0  196    0  130 0.653 267.0 126.8  -6.0  41.0
1987 416.500    4790 A      0  426    0  320 0.745 230.9 128.8 -32.0  43.0
1987 416.500    4791 A      0   33    0   20 0.542  25.9  70.8  24.0 -15.0
1987 416.500    4792 A      0   17    0   10 0.436 243.8 109.8 -16.0  24.0
1987 417.500    4787 A      0   62    0   70 0.895 236.8 134.6 -32.0  62.0
1987 417.500    4789 B      0  104    0   90 0.816 266.4 127.6  -6.0  55.0
1987 417.500    4790 B      0  277    0  260 0.846 235.2 127.6 -32.0  55.0
1987 417.500    4792 B      0   15    0   10 0.645 248.2 111.6 -18.0  39.0
1987 417.500    4793 B      0   13    0   10 0.720 318.1 105.6  28.0  33.0
1987 418.500    4787 B      0   71    0  140 0.967 239.3 135.4 -31.0  76.0
1987 418.500    4789 A      0   62    0   90 0.937 264.5 129.4  -7.0  70.0
1987 418.500    4790 A      0  291    0  450 0.946 239.0 130.4 -31.0  71.0
1987 418.500    4793 B      0    0    0    0 0.831 309.0 106.4  28.0  47.0
1987 418.500    4794 B      0    4    0   10 0.975  57.6 347.4  30.0 -72.0
1987 419.500    4789 B      0   10    0   40 0.991 263.6 129.2  -7.0  83.0
1987 419.500    4790 B      0   56    0  240 0.993 239.3 131.2 -31.0  85.0
1987 419.500    4790BB      0    0    0    0 0.930 275.3 114.2   3.0  68.0
1987 419.500    4794 B      0    6    0   10 0.937  53.0 344.2  32.0 -62.0
1987 420.500    4794 B      0   10    0   10 0.849  51.1 344.0  29.0 -49.0
1987 421.500    4794 B      0    0    0    0 0.719  36.6 349.8  31.0 -30.0
1987 421.500    4795 B      0   17    0   10 0.457 142.6   1.8 -26.0 -18.0
1987 421.500    4796 A      0    0    0    0 0.829 137.4 331.8 -41.0 -48.0
1987 421.500    4797 A      0    7    0   30 0.993  85.4 296.8   4.0 -83.0
1987 422.500    4795 A      0   18    0   10 0.373 165.4   0.6 -26.0  -6.0
1987 422.500    4795AA      0   19    0   10 0.276  21.9   0.6  10.0  -6.0
1987 422.500    4796 A      0   13    0   10 0.741 140.8 329.6 -39.0 -37.0
1987 422.500    4797 B      0   26    0   40 0.943  84.0 296.6   4.0 -70.0
1987 422.500    4798 B      0   15    0   10 0.635 325.2  30.6  27.0  24.0
1987 423.500    4795 B      0    0    0    0 0.384 199.0   1.3 -26.0   8.0
1987 423.500    4797 B      0   32    0   30 0.844  82.2 296.3   4.0 -57.0
1987 423.500    4798 B      0   26    0   20 0.741 313.7  30.3  27.0  37.0
1987 424.500    4794AB      0    0    0    0 0.385 170.7 336.1 -27.0  -4.0
1987 424.500    4795 B      0    0    0    0 0.480 219.9   0.1 -26.0  20.0
1987 424.500    4797 B      0   28    0   20 0.692  79.3 297.1   4.0 -43.0
1987 424.500    4798 B      0   85    0   80 0.846 306.2  30.1  27.0  50.0
1987 424.500    4800 B      0    0    0    0 0.684  66.9 300.1  12.0 -40.0
1987 425.500    4797 A      0   34    0   20 0.518  74.5 296.9   4.0 -30.0
1987 425.500    4798 A      0   56    0   80 0.936 301.1  30.9  27.0  64.0
1987 426.500    4797 B      0   19    0   10 0.311  62.3 297.7   4.0 -16.0
1987 426.500    4798 A      0   14    0   40 0.984 298.5  29.7  27.0  76.0
1987 427.500    4797 B      0   39    0   20 0.139  22.1 297.5   3.0  -3.0
1987 428.500    4796AA      0   16    0   10 0.591 206.5 306.3 -36.0  19.0
1987 428.500    4797 A      0   19    0   10 0.248 310.1 298.3   5.0  11.0
1987 428.500    4803 A      0   18    0   10 0.417 165.0 280.3 -28.0  -7.0
1987 428.500    4803AB      0    0    0    0 0.739  48.5 249.3  26.0 -38.0
1987 429.500    4797 B      0   18    0   10 0.428 288.6 298.1   4.0  24.0
1987 429.500    4803 B      0   18    0   10 0.414 192.9 280.1 -28.0   6.0
1987 430.500    4797 B      0   31    0   20 0.624 280.0 298.9   3.0  38.0
1987 430.500    4803 B      0   34    0   20 0.491 213.7 278.9 -28.0  18.0
1987 430.500    4804 B      0   11    0   30 0.982 112.7 180.9 -23.0 -80.0
1987 5 1.500    4797 B      0   37    0   30 0.782 277.0 298.6   3.0  51.0
1987 5 1.500    4803 B      0   47    0   30 0.616 227.6 278.6 -28.0  31.0
1987 5 1.500    4804 B      0   29    0   40 0.929 113.2 179.6 -23.0 -68.0
1987 5 2.500    4797 B      0   24    0   30 0.916 275.0 300.4   3.0  66.0
1987 5 2.500    4803 B      0   39    0   30 0.756 235.7 279.4 -28.0  45.0
1987 5 2.500    4804 B      0   43    0   40 0.842 114.9 178.4 -23.0 -56.0
1987 5 2.500    4805 B      0   17    0   10 0.446  70.6 209.4   5.0 -25.0
1987 5 3.500    4797 A      0    7    0   20 0.982 273.8 300.2   3.0  79.0
1987 5 3.500    4801 B      0   12    0   10 0.775 321.0 257.2  34.0  36.0
1987 5 3.500    4803 B      0   19    0   20 0.867 239.7 279.2 -28.0  58.0
1987 5 3.500    4804 B      0   83    0   60 0.717 118.8 178.2 -23.0 -43.0
1987 5 3.500    4805 B      0   19    0   10 0.242  45.6 211.2   6.0 -10.0
1987 5 4.500    4803 B      0    6    0   10 0.950 239.6 279.0 -30.0  71.0
1987 5 4.500    4804 A      0   82    0   50 0.560 127.2 179.0 -23.0 -29.0
1987 5 4.500    4806 A      0   30    0  120 0.992 121.8 124.0 -32.0 -84.0
1987 5 5.500    4804 A      0   72    0   40 0.420 142.9 178.8 -23.0 -16.0
1987 5 5.500    4806 B      0   78    0  140 0.960 122.3 121.8 -32.0 -73.0
1987 5 6.500    4804 B      0   75    0   40 0.338 171.8 178.6 -23.0  -3.0
1987 5 6.500    4806 B      0  164    0  180 0.890 124.4 121.6 -32.0 -60.0
1987 5 7.500    4804 B      0   37    0   20 0.373 205.4 178.3 -23.0  10.0
1987 5 7.500    4806 B      0  284    0  230 0.785 129.0 122.3 -32.0 -46.0
1987 5 8.500    4804 B      0   17    0   10 0.487 228.0 178.1 -22.0  23.0
1987 5 8.500    4806 B      0  310    0  210 0.674 134.7 121.1 -31.0 -34.0
1987 5 9.500    4806 B      0  314    0  190 0.562 146.9 120.9 -31.0 -21.0
1987 5 9.500    4807 B      0   19    0   10 0.180 106.4 131.9  -6.0 -10.0
1987 510.500    4804 B      0   13    0   10 0.759 243.3 175.7 -22.0  47.0
1987 510.500    4806 B      0  314    0  180 0.488 164.1 119.7 -31.0  -9.0
1987 510.500    4808 B      0   13    0   10 0.721 115.1  84.7 -20.0 -44.0
1987 511.500    4806 A      0  211    0  120 0.472 183.6 117.4 -31.0   2.0
1987 511.500    4808 B      0   16    0   10 0.588 122.7  83.4 -21.0 -32.0
1987 512.500    4806 B      0  172    0  100 0.504 204.6 116.2 -30.0  14.0
1987 512.500    4807AA      0    0    0    0 0.832 195.2 125.2 -56.0  23.0
1987 512.500    4808 B      0    0    0    0 0.459 139.2  83.2 -23.0 -19.0
1987 512.500    4809 A      0   16    0   10 0.547 335.0 117.2  27.0  15.0
1987 513.500    4806 B      0  176    0  110 0.600 217.2 114.0 -31.0  25.0
1987 513.500    4809 A      0   15    0   10 0.645 321.6 116.0  28.0  27.0
1987 514.500    4806 A      0  171    0  120 0.701 228.1 112.8 -30.0  37.0
1987 514.500    4810 B      0    1    0   20 0.999 114.9 347.8 -25.0 -88.0
1987 515.500    4806 A      0  116    0  100 0.812 232.8 111.5 -31.0  49.0
1987 515.500    4810 B      0   87    0  140 0.950 115.5 351.5 -25.0 -71.0
1987 515.500    4811 B      0   70    0  220 0.987  60.1 344.5  29.0 -78.0
1987 516.500    4806 B      0   50    0   60 0.906 236.6 111.3 -31.0  62.0
1987 516.500    4808 B      0   33    0   20 0.562 236.7  79.3 -20.0  30.0
1987 516.500    4810 B      0  126    0  130 0.874 116.3 350.3 -24.0 -59.0
1987 516.500    4811 A      0  281    0  420 0.942  58.0 343.3  29.0 -66.0
1987 517.500    4806 B      0   30    0   60 0.967 238.5 110.1 -31.0  74.0
1987 517.500    4808 B      0   82    0   60 0.725 244.2  80.1 -20.0  44.0
1987 517.500    4810 B      0  150    0  120 0.779 119.4 348.1 -24.0 -48.0
1987 517.500    4811 A      0  401    0  410 0.872  53.4 342.1  30.0 -54.0
1987 518.500    4808 A      0   51    0   50 0.859 249.1  80.9 -19.0  58.0
1987 518.500    4810 A      0  108    0   70 0.636 126.5 348.9 -24.0 -34.0
1987 518.500    4811 B      0  545    0  430 0.773  47.3 341.9  30.0 -41.0
1987 519.500    4808 A      0   12    0   20 0.953 250.7  81.6 -19.0  72.0
1987 519.500    4810 A      0   86    0   50 0.509 137.8 347.6 -24.0 -22.0
1987 519.500    4811 A      0  724    0  490 0.673  38.6 340.6  30.0 -29.0
1987 520.500    4810 B      0   18    0   10 0.403 159.2 347.4 -24.0  -9.0
1987 520.500    4811 A      0  815    0  500 0.579  24.4 340.4  30.0 -16.0
1987 521.500    4810 B      0   18    0   10 0.375 194.9 349.2 -23.0   6.0
1987 521.500    4811 B      0 1019    0  600 0.528   4.9 340.2  30.0  -3.0
1987 522.500    4811 B      0 1341    0  800 0.545 344.0 340.0  30.0  10.0
1987 523.500       0 A      0    0    0    0 0.350  77.2 296.7   3.0 -20.0
1987 523.500    4811 A      0  997    0  630 0.611 326.0 339.7  29.0  23.0
1987 524.500    4811 B      0  704    0  500 0.710 315.0 338.5  29.0  35.0
1987 525.500    4811 A      0  619    0  540 0.819 307.5 338.3  29.0  48.0
1987 525.500    4812 A      0   14    0   10 0.688  53.7 253.3  23.0 -37.0
1987 526.500    4811 B      0  308    0  380 0.914 301.5 339.0  28.0  62.0
1987 526.500    4812 B      0   16    0   10 0.564  43.7 252.0  23.0 -25.0
1987 527.500    4811 A      0  128    0  340 0.982 298.8 340.8  28.0  77.0
1987 527.500    4812 A      0   89    0   50 0.450  25.2 251.8  23.0 -12.0
1987 528.500    4812 A      0  200    0  110 0.407 355.5 252.6  23.0   2.0
1987 529.500    4812 A      0  141    0   80 0.468 329.4 252.3  23.0  15.0
1987 530.500    4812 A      0   99    0   60 0.560 313.4 250.1  22.0  26.0
1987 531.500    4812 B      0   58    0   40 0.676 304.4 247.9  22.0  37.0
1987 6 1.500    4812 A      0   55    0   50 0.832 297.1 250.6  22.0  53.0
1987 6 2.500    4812 A      0    8    0   10 0.901 294.7 246.4  22.0  62.0
1987 611.500    4813 B      0   19    0   10 0.204 175.2  64.3 -11.0  -1.0
1987 612.500    4813 A      0   19    0   10 0.302 227.1  65.1 -11.0  13.0
1987 612.500    4814 A      0   32    0   20 0.593 235.2  83.1 -19.0  31.0
1987 612.500    4815 B      0    3    0   10 0.984  62.7 333.1  27.0 -79.0
1987 613.500    4813 B      0    0    0    0 0.497 243.3  65.8 -12.0  27.0
1987 613.500    4814 B      0   13    0   10 0.728 242.4  81.8 -19.0  43.0
1987 613.500    4815 B      0    7    0   10 0.924  60.0 333.8  28.0 -65.0
1987 614.500    4815 B      0   11    0   10 0.833  56.6 333.6  28.0 -52.0
1987 615.500    4815 B      0   13    0   10 0.731  53.1 331.3  27.0 -41.0
1987 617.500    4815 B      0   17    0   10 0.442  25.2 333.9  25.0 -12.0
1987 617.500    4816 B      0   19    0   10 0.132 211.7 349.9  -5.0   4.0
1987 618.500    4815 B      0   17    0   10 0.446 356.0 334.6  28.0   2.0
1987 618.500    4816 B      0   19    0   10 0.307 251.8 349.6  -4.0  17.0
1987 618.500    4817 B      0   28    0   60 0.972 122.5 259.6 -31.0 -73.0
1987 619.500    4815 A      0   16    0   10 0.544 334.3 335.4  31.0  16.0
1987 619.500    4817 A      0   69    0   90 0.922 124.8 257.4 -31.0 -62.0
1987 619.500    4818 A      0   18    0   10 0.363 166.9 314.4 -19.0  -5.0
1987 620.500    4817 B      0   97    0   90 0.841 128.0 256.2 -30.0 -50.0
1987 620.500    4818 B      0    0    0    0 0.412 205.8 317.2 -20.0  11.0
1987 620.500    4819 B      0   13    0   10 0.756  66.2 259.2  19.0 -47.0
1987 621.500    4817 B      0  106    0   80 0.745 136.2 255.9 -31.0 -37.0
1987 621.500    4819 B      0   80    0   50 0.595  59.9 259.9  19.0 -33.0
1987 622.500    4817 BG     0   91    0   60 0.645 147.3 255.7 -31.0 -24.0
1987 622.500    4819 B      0  305    0  170 0.437  47.8 259.7  19.0 -20.0
1987 623.500    4817 B      0   81    0   50 0.575 161.9 254.4 -31.0 -12.0
1987 623.500    4819 B      0  342    0  180 0.306  18.8 260.4  19.0  -6.0
1987 624.500    4817 B      0   66    0   40 0.550 183.1 255.2 -31.0   2.0
1987 624.500    4819 A      0  341    0  180 0.317 335.4 261.2  19.0   8.0
1987 625.500    4817 B      0   32    0   20 0.587 200.7 254.0 -31.0  14.0
1987 625.500    4819 B      0  322    0  180 0.445 310.4 261.0  19.0  21.0
1987 625.500    4820 B      0   16    0   40 0.979  60.9 162.0  29.0 -78.0
1987 626.500    4817 B      0   14    0   10 0.672 215.4 253.7 -31.0  27.0
1987 626.500    4819 A      0  240    0  150 0.597 301.0 259.7  20.0  33.0
1987 626.500    4820 A      0   38    0   60 0.947  60.2 156.7  29.0 -70.0
1987 627.500    4817 B      0   12    0   10 0.781 224.3 253.5 -32.0  40.0
1987 627.500    4819 A      0  176    0  140 0.775 293.8 262.5  20.0  49.0
1987 627.500    4820 A      0   38    0   40 0.874  58.0 155.5  29.0 -58.0
1987 627.500    4821 B      0   16    0   10 0.598 198.6 226.5 -32.0  13.0
1987 628.500    4817 B      0   10    0   10 0.855 229.5 250.3 -32.0  50.0
1987 628.500    4819 B      0  103    0  110 0.882 291.3 261.3  20.0  61.0
1987 628.500    4820 B      0   38    0   30 0.768  53.7 155.3  29.0 -45.0
1987 628.500    4821 B      0   15    0   10 0.660 213.3 225.3 -31.0  25.0
1987 629.500    4819 B      0   56    0  110 0.966 290.0 262.0  20.0  75.0
1987 629.500    4820 B      0   29    0   20 0.670  46.2 153.0  30.0 -34.0
1987 630.500    4820 B      0   16    0   10 0.587  38.6 148.8  30.0 -25.0
1987 7 7.500    4822 A      0   15    0   10 0.620 234.4 113.1 -18.0  32.0
1987 7 8.500    4822 A      0   26    0   20 0.755 243.5 112.9 -17.0  45.0
1987 7 9.500    4822 A      0   28    0   30 0.882 248.4 113.7 -17.0  59.0
1987 710.500    4822 A      0   10    0   20 0.966 251.2 114.4 -17.0  73.0
1987 715.500    4823 B      0   22    0   20 0.822 300.0  28.3  27.0  53.0
1987 716.500    4823 B      0   14    0   20 0.929 297.3  30.0  27.0  68.0
1987 716.500    4824 A      0   17    0   50 0.984 123.7 247.0 -32.0 -75.0
1987 717.500    4824 B      0   71    0  110 0.945 126.2 244.8 -32.0 -64.0
1987 718.500    4824 B      0  107    0  110 0.873 131.0 244.6 -32.0 -51.0
1987 718.500    4826 B      0   13    0   10 0.750 133.0 257.6 -27.0 -38.0
1987 719.500    4824 B      0  110    0   90 0.791 137.6 243.3 -32.0 -39.0
1987 719.500    4826 B      0   15    0   10 0.660 144.1 256.3 -28.0 -26.0
1987 720.500    4824 A      0  128    0   90 0.701 148.0 243.1 -32.0 -26.0
1987 720.500    4826 B      0   32    0   20 0.577 159.9 256.1 -28.0 -13.0
1987 720.500    4827 A      0   12    0   50 0.992 114.0 189.1 -23.0 -80.0
1987 720.500    4828 A      0   18    0   10 0.413  44.0 251.1  22.0 -18.0
1987 721.500    4824 B      0  173    0  110 0.617 161.8 242.9 -31.0 -13.0
1987 721.500    4826 B      0   83    0   50 0.545 181.6 256.9 -28.0   1.0
1987 721.500    4827 B      0   89    0  160 0.960 115.7 185.9 -23.0 -70.0
1987 721.500    4828 B      0   38    0   20 0.283  13.3 251.9  21.0  -4.0
1987 721.500    4829 A      0   15    0   10 0.620 127.8 224.9 -18.0 -31.0
1987 722.500    4824 A      0  143    0   90 0.604 178.6 241.6 -32.0  -1.0
1987 722.500    4826 A      0  146    0   90 0.580 200.0 255.6 -28.0  13.0
1987 722.500    4827 A      0  222    0  240 0.886 119.3 185.6 -23.0 -57.0
1987 722.500    4828 A      0   38    0   20 0.311 332.0 251.6  21.0   9.0
1987 722.500    4829 B      0   34    0   20 0.490 145.7 225.6 -19.0 -17.0
1987 722.500    4830 A      0   12    0   10 0.781 119.4 196.6 -19.0 -46.0
1987 723.500    4824 A      0  155    0  100 0.628 196.3 241.4 -32.0  12.0
1987 723.500    4825 A      0   18    0   10 0.324  26.6 220.4  22.0  -9.0
1987 723.500    4826 A      0  271    0  180 0.657 214.6 254.4 -28.0  25.0
1987 723.500    4827 A      0  257    0  210 0.790 124.6 184.4 -23.0 -45.0
1987 723.500    4828 A      0   17    0   10 0.479 308.1 253.4  22.0  24.0
1987 723.500    4829 A      0   54    0   30 0.415 170.9 225.4 -19.0  -4.0
1987 723.500    4830 A      0   15    0   10 0.650 127.6 196.4 -19.0 -33.0
1987 723.500    4831 A      0   32    0  120 0.991  62.4 145.4  28.0 -84.0
1987 724.500    4824 B      0  131    0   90 0.681 210.8 240.2 -31.0  24.0
1987 724.500    4825 B      0    0    0    0 0.337   0.0 216.2  25.0   0.0
1987 724.500    4826 B      0  363    0  280 0.760 225.6 254.2 -28.0  38.0
1987 724.500    4827 B      0  284    0  190 0.663 132.2 184.2 -22.0 -32.0
1987 724.500    4829 B      0   91    0   50 0.407 194.1 222.2 -18.0   6.0
1987 724.500    4831 B      0  145    0  230 0.949  61.2 144.2  29.0 -72.0
1987 725.500    4824 B      0  113    0   90 0.774 221.8 240.0 -31.0  37.0
1987 725.500    4826 B      0  240    0  240 0.865 231.8 254.0 -29.0  51.0
1987 725.500    4827 B      0  266    0  160 0.554 145.1 183.0 -22.0 -20.0
1987 725.500    4829 A      0   33    0   20 0.539 221.1 225.0 -19.0  22.0
1987 725.500    4831 B      0  233    0  230 0.862  59.4 145.0  29.0 -58.0
1987 726.500    4824 A      0   80    0   80 0.866 229.3 239.7 -31.0  50.0
1987 726.500    4826 B      0  181    0  270 0.942 236.6 253.7 -29.0  64.0
1987 726.500    4827 B      0  229    0  130 0.471 168.1 183.7 -22.0  -6.0
1987 726.500    4829 A      0   14    0   10 0.703 235.8 227.7 -19.0  38.0
1987 726.500    4830 B      0   17    0   10 0.447 184.2 191.7 -21.0   2.0
1987 726.500    4831 A      0  251    0  190 0.750  55.6 144.7  29.0 -45.0
1987 727.500    4824 A      0   60    0   90 0.941 234.2 239.5 -31.0  63.0
1987 727.500    4826 A      0   47    0  160 0.989 239.5 253.5 -29.0  77.0
1987 727.500    4827 B      0  122    0   70 0.490 193.2 183.5 -23.0   7.0
1987 727.500    4830 B      0   17    0   10 0.518 207.6 191.5 -22.0  15.0
1987 727.500    4831 A      0  235    0  150 0.619  48.4 144.5  29.0 -32.0
1987 728.500    4824 A      0    7    0   30 0.992 236.7 241.3 -32.0  78.0
1987 728.500    4827 B      0  117    0   70 0.539 208.1 179.3 -23.0  16.0
1987 728.500    4830 A      0   16    0   10 0.591 221.9 188.3 -21.0  25.0
1987 728.500    4831 A      0  173    0  100 0.501  36.7 143.3  29.0 -20.0
1987 729.500    4827 A      0   57    0   40 0.692 226.0 183.1 -24.0  33.0
1987 729.500    4831 A      0  145    0   80 0.410  15.1 143.1  29.0  -7.0
1987 729.500    4832 B      0   30    0   20 0.651 210.2 172.1 -29.0  22.0
1987 729.500    4833 B      0   38    0   20 0.265 356.5 151.1  21.0   1.0
1987 730.500    4827 B      0   37    0   30 0.785 234.5 180.8 -23.0  44.0
1987 730.500    4831 B      0  145    0   80 0.421 347.6 142.8  30.0   6.0
1987 730.500    4832 B      0   65    0   50 0.755 222.9 172.8 -29.0  36.0
1987 730.500    4833 A      0   56    0   30 0.349 319.6 150.8  21.0  14.0
1987 730.500    4834 A      0   18    0   10 0.335  57.1 119.8  16.0 -17.0
1987 731.500    4827 A      0   30    0   30 0.864 240.3 177.6 -22.0  54.0
1987 731.500    4831 A      0  139    0   80 0.493 327.1 141.6  30.0  18.0
1987 731.500    4832 A      0   31    0   30 0.856 232.2 173.6 -28.0  50.0
1987 731.500    4833 A      0   17    0   10 0.506 307.0 149.6  23.0  26.0
1987 731.500    4834 A      0   98    0   50 0.189  20.8 119.6  16.0  -4.0
1987 8 1.500    4827 B      0    0    0    0 0.940 245.1 176.4 -21.0  66.0
1987 8 1.500    4831 B      0   47    0   30 0.603 314.1 140.4  30.0  30.0
1987 8 1.500    4833 B      0   14    0   10 0.663 295.2 150.4  21.0  40.0
1987 8 1.500    4834 B      0  311    0  160 0.232 319.6 119.4  16.0   9.0
1987 8 1.500    4835 B      0    6    0   10 0.938 117.2  45.4 -23.0 -65.0
1987 8 2.500    4831 B      0   25    0   20 0.772 305.8 144.1  31.0  47.0
1987 8 2.500    4834 B      0  308    0  170 0.423 298.0 120.1  17.0  23.0
1987 8 2.500    4835 A      0   51    0   50 0.856 122.8  45.1 -24.0 -52.0
1987 8 2.500    4836 B      0    0    0    0 0.321  30.1  87.1  22.0 -10.0
1987 8 3.500    4831 B      0    9    0   10 0.891 301.8 145.9  31.0  62.0
1987 8 3.500    4834 A      0  224    0  140 0.600 290.4 119.9  17.0  36.0
1987 8 3.500    4835 A      0   53    0   40 0.748 129.8  44.9 -24.0 -39.0
1987 8 3.500    4836 B      0   19    0   10 0.260 352.8  85.9  21.0   2.0
1987 8 4.500    4834 B      0  138    0  110 0.776 285.7 121.7  16.0  51.0
1987 8 4.500    4835 B      0   62    0   40 0.626 141.9  45.7 -24.0 -25.0
1987 8 5.500    4834 A      0   67    0   80 0.908 283.7 123.5  15.0  66.0
1987 8 5.500    4835 B      0  101    0   60 0.527 156.9  44.5 -23.0 -13.0
1987 8 6.500    4834 A      0   23    0   60 0.981 285.1 124.2  16.0  80.0
1987 8 6.500    4835 B      0  120    0   70 0.504 181.8  45.2 -24.0   1.0
1987 8 7.500    4835 B      0  302    0  180 0.542 202.3  44.0 -24.0  13.0
1987 8 8.500    4835 B      0  596    0  390 0.645 220.0  44.8 -24.0  27.0
1987 8 8.500    4837 B      0   15    0   10 0.627 270.1  56.8   5.0  39.0
1987 8 8.500    4838 A      0   11    0   10 0.808  13.0 357.8  58.0 -20.0
1987 8 9.500    4835 A      0  545    0  420 0.760 230.6  44.6 -24.0  40.0
1987 8 9.500    4837 B      0   12    0   10 0.795 272.7  57.6   6.0  53.0
1987 8 9.500    4839 B      0   18    0  120 0.997 117.8 282.6 -27.0 -82.0
1987 810.500    4835 B      0  341    0  350 0.873 237.8  45.4 -24.0  54.0
1987 810.500    4837 B      0    7    0   10 0.924 273.8  59.4   6.0  68.0
1987 810.500    4839 B      0  149    0  260 0.958 119.6 283.4 -26.0 -68.0
1987 811.500    4835 B      0  123    0  220 0.960 242.6  47.1 -24.0  69.0
1987 811.500    4837 B      0    3    0   10 0.980 274.8  57.1   6.0  79.0
1987 811.500    4839 B      0  230    0  240 0.877 123.2 284.1 -25.0 -54.0
1987 811.500    4840 A      0   16    0   10 0.597  59.6 304.1  23.0 -34.0
1987 812.500    4835 B      0    4    0   20 0.994 243.9  44.9 -25.0  80.0
1987 812.500    4839 B      0  311    0  250 0.782 131.0 283.9 -26.0 -41.0
1987 812.500    4840 B      0   18    0   10 0.416  46.1 305.9  23.0 -19.0
1987 812.500    4841 B      0   67    0  190 0.984 122.2 250.9 -30.0 -74.0
1987 812.500    4842 A      0    9    0   40 0.993 114.2 244.9 -23.0 -80.0
1987 813.500    4839 A      0  324    0  220 0.675 141.3 283.7 -26.0 -28.0
1987 813.500    4840 A      0  192    0  100 0.277  16.9 306.7  22.0  -5.0
1987 813.500    4841 A      0  298    0  430 0.938 125.4 249.7 -30.0 -62.0
1987 813.500    4842 A      0  110    0  220 0.968 115.9 240.7 -23.0 -71.0
1987 814.500    4839 A      0  324    0  200 0.585 156.6 283.5 -26.0 -15.0
1987 814.500    4841 A      0  456    0  450 0.862 130.7 249.5 -30.0 -49.0
1987 814.500    4842 A      0  204    0  240 0.905 119.3 239.5 -23.0 -59.0
1987 814.500    4843 A      0    8    0   10 0.907  73.2 232.5  18.0 -66.0
1987 815.500    4839 A      0  305    0  180 0.528 174.8 282.3 -25.0  -3.0
1987 815.500    4841 A      0  502    0  400 0.778 137.9 248.3 -30.0 -37.0
1987 815.500    4842 A      0  282    0  240 0.808 125.0 239.3 -23.0 -46.0
1987 815.500    4843 A      0   12    0   10 0.797  72.5 232.3  18.0 -53.0
1987 816.500    4839 A      0  280    0  170 0.566 197.6 283.0 -26.0  11.0
1987 816.500    4841 A      0  523    0  360 0.687 149.2 248.0 -30.0 -24.0
1987 816.500    4842 A      0  273    0  190 0.693 133.7 239.0 -23.0 -33.0
1987 816.500    4844 A      0   14    0   10 0.701 225.2 305.0 -24.0  33.0
1987 817.500    4839 A      0  214    0  140 0.642 211.3 280.8 -27.0  22.0
1987 817.500    4841 A      0  572    0  370 0.633 165.0 247.8 -31.0 -11.0
1987 817.500    4842 A      0  292    0  180 0.583 147.3 238.8 -23.0 -20.0
1987 817.500    4846AA      0    0    0    0 0.955 116.7 190.8 -23.0 -68.0
1987 818.500    4839 A      0  201    0  150 0.742 223.5 280.6 -27.0  35.0
1987 818.500    4841 A      0  489    0  310 0.614 182.8 247.6 -31.0   2.0
1987 818.500    4842 A      0  241    0  140 0.506 169.0 239.6 -23.0  -6.0
1987 819.500    4839 A      0  157    0  140 0.827 233.3 279.4 -25.0  47.0
1987 819.500    4841 A      0  452    0  290 0.625 196.8 244.4 -30.0  12.0
1987 819.500    4842 A      0  155    0   90 0.504 189.2 237.4 -23.0   5.0
1987 819.500    4843 A      0   19    0   10 0.236  16.1 228.4  20.0  -4.0
1987 820.500    4839 A      0  116    0  160 0.931 238.5 281.2 -26.0  62.0
1987 820.500    4839AA      0    0    0    0 0.909 245.4 280.2 -19.0  61.0
1987 820.500    4841 A      0  617    0  440 0.712 211.9 245.2 -31.0  26.0
1987 820.500    4842 A      0   98    0   60 0.577 211.3 238.2 -23.0  19.0
1987 821.500    4839 A      0   39    0  110 0.984 241.9 281.0 -26.0  75.0
1987 821.500    4841 A      0  562    0  470 0.801 222.3 245.0 -31.0  39.0
1987 821.500    4842 A      0   29    0   20 0.668 221.5 235.0 -24.0  29.0
1987 821.500    4845 A      0   13    0   40 0.986  74.9 124.0  16.0 -82.0
1987 822.500    4841 A      0  444    0  470 0.881 229.1 243.7 -31.0  51.0
1987 822.500    4842 A      0   12    0   10 0.775 232.6 234.7 -23.0  42.0
1987 822.500    4845 A      0   61    0   90 0.939  76.5 121.7  15.0 -71.0
1987 823.500    4841 A      0  203    0  320 0.948 232.8 242.5 -32.0  63.0
1987 823.500    4842 A      0   17    0   20 0.899 237.7 236.5 -25.0  57.0
1987 823.500    4845 A      0   67    0   60 0.824  75.4 123.5  16.0 -56.0
1987 823.500    4846 A      0    0    0    0 0.509 295.8 208.5  19.0  29.0
1987 824.500    4841 A      0   59    0  210 0.990 237.2 242.3 -31.0  76.0
1987 824.500    4842 A      0    9    0   20 0.969 243.0 237.3 -24.0  71.0
1987 824.500    4845 A      0   87    0   60 0.682  74.1 123.3  16.0 -43.0
1987 824.500    4846 A      0   14    0   10 0.678 292.0 208.3  20.0  42.0
1987 825.500    4841 A      0    0    0   90 1.000 240.7 239.1 -29.0  86.0
1987 825.500    4845 A      0  210    0  120 0.482  69.5 125.1  16.0 -28.0
1987 825.500    4846 A      0  242    0  210 0.816 288.3 208.1  19.0  55.0
1987 826.500    4845 A      0   56    0   30 0.323  60.4 122.9  16.0 -17.0
1987 826.500    4846 A      0  148    0  190 0.920 286.6 207.9  18.0  68.0
1987 827.500    4845 A      0   39    0   20 0.184  21.2 122.7  17.0  -4.0
1987 827.500    4846 A      0   48    0  140 0.985 288.1 208.7  19.0  82.0
1987 827.500    4847 A      0    2    0   10 0.989 112.6  48.7 -21.0 -78.0
1987 828.500    4845 A      0   19    0   10 0.216 315.9 122.5  16.0   9.0
1987 828.500    4847 A      0    6    0   10 0.941 117.6  48.5 -23.0 -65.0
1987 829.500    4845 A      0    0    0    0 0.424 292.7 124.3  16.0  24.0
1987 829.500    4847 A      0   10    0   10 0.854 121.2  48.3 -22.0 -52.0
1987 830.500    4845 A      0   16    0   10 0.592 287.3 123.0  16.0  36.0
1987 830.500    4847 A      0   13    0   10 0.742 130.2  49.0 -23.0 -38.0
1987 830.500    4848 A      0    1    0   10 0.997 115.9   5.0 -25.0 -82.0
1987 831.500    4847 A      0   15    0   10 0.636 140.6  47.8 -23.0 -26.0
1987 831.500    4848 A      0    5    0   10 0.966 117.3   3.8 -24.0 -70.0
1987 9 1.500    4847 A      0   16    0   10 0.547 156.0  46.6 -23.0 -14.0
1987 9 1.500    4848 A      0   17    0   20 0.894 120.3   3.6 -23.0 -57.0
1987 9 1.500    4849 A      0   33    0   80 0.978 113.4 346.6 -21.0 -74.0
1987 9 1.500    4850BA      0    0    0    0 0.375 226.7  76.6  -8.0  16.0
1987 9 2.500    4847 A      0   17    0   10 0.519 178.2  46.4 -24.0  -1.0
1987 9 2.500    4848 A      0   24    0   20 0.794 126.4   3.4 -23.0 -44.0
1987 9 2.500    4849 A      0  183    0  260 0.936 114.6 342.4 -20.0 -65.0
1987 9 2.500    4850 A      0    9    0   10 0.877 246.1 104.4 -17.0  57.0
1987 9 3.500    4848 A      0   14    0   10 0.680 137.8   4.2 -24.0 -30.0
1987 9 3.500    4849 A      0  269    0  260 0.855 121.3 342.2 -22.0 -52.0
1987 9 4.500    4848 A      0   16    0   10 0.591 153.4   4.0 -25.0 -17.0
1987 9 4.500    4849 A      0  257    0  190 0.735 129.1 343.0 -22.0 -38.0
1987 9 5.500    4845CA      0   14    0   10 0.700 301.6  49.8  27.0  42.0
1987 9 5.500    4848 A      0   16    0   10 0.537 173.2   3.8 -25.0  -4.0
1987 9 5.500    4849 A      0  311    0  200 0.626 139.6 341.8 -22.0 -26.0
1987 9 6.500    4848 A      0   16    0   10 0.559 198.0   5.6 -25.0  11.0
1987 9 6.500    4849 A      0  373    0  220 0.529 156.8 341.6 -22.0 -13.0
1987 9 6.500    4850AA      0    1    0   20 0.999 243.3  77.6 -26.0  83.0
1987 9 6.500    4851 A      0    9    0   30 0.987 117.9 278.6 -26.0 -76.0
1987 9 7.500    4848 A      0   15    0   10 0.633 214.0   4.4 -25.0  23.0
1987 9 7.500    4849 A      0  540    0  310 0.489 180.0 341.4 -22.0   0.0
1987 9 7.500    4851 A      0   20    0   30 0.942 121.0 277.4 -26.0 -64.0
1987 9 8.500    4848 A      0   13    0   10 0.739 226.1   4.2 -25.0  36.0
1987 9 8.500    4849 A      0  662    0  390 0.528 203.2 341.2 -22.0  13.0
1987 9 8.500    4851 A      0   30    0   30 0.860 127.4 278.2 -27.0 -50.0
1987 9 8.500    4852 A      0   10    0   20 0.967  63.9 251.2  27.0 -77.0
1987 9 9.500    4848 A      0   10    0   10 0.851 234.6   5.0 -25.0  50.0
1987 9 9.500    4849 A      0  514    0  330 0.626 220.5 341.0 -22.0  26.0
1987 9 9.500    4851 A      0   25    0   20 0.761 135.2 278.0 -27.0 -37.0
1987 9 9.500    4852 A      0   32    0   40 0.915  63.6 248.0  27.0 -67.0
1987 910.500    4849 A      0  316    0  240 0.751 230.5 340.8 -23.0  39.0
1987 910.500    4851 A      0   30    0   20 0.661 146.8 277.8 -27.0 -24.0
1987 910.500    4852 A      0   24    0   20 0.799  61.5 249.8  27.0 -52.0
1987 910.500    4853 A      0   33    0   80 0.978 125.0 230.8 -32.0 -71.0
1987 911.500    4849 A      0  186    0  180 0.855 238.7 340.6 -22.0  52.0
1987 911.500    4851 A      0   16    0   10 0.586 163.1 277.6 -27.0 -11.0
1987 911.500    4852 A      0   14    0   10 0.679  57.5 248.6  27.0 -40.0
1987 911.500    4853 A      0   75    0  100 0.925 129.0 230.6 -32.0 -58.0
1987 912.500    4849 A      0   78    0  120 0.945 243.7 341.4 -22.0  66.0
1987 912.500    4851 A      0   16    0   10 0.564 184.7 278.4 -27.0   3.0
1987 912.500    4852 A      0   17    0   10 0.489  52.2 250.4  24.0 -25.0
1987 912.500    4853 A      0  112    0  110 0.860 135.5 229.4 -33.0 -46.0
1987 912.500    4854 A      0   16    0   10 0.567  59.3 243.4  23.0 -32.0
1987 913.500    4849 A      0    6    0   20 0.985 245.0 338.1 -23.0  76.0
1987 913.500    4851 A      0   16    0   10 0.594 199.7 275.1 -27.0  13.0
1987 913.500    4853 A      0  125    0  100 0.777 144.0 229.1 -33.0 -33.0
1987 913.500    4854 A      0   17    0   10 0.440  44.8 242.1  25.0 -20.0
1987 914.500    4849AA      0    5    0   10 0.958 254.1 319.9 -13.0  71.0
1987 914.500    4853 A      0  143    0  100 0.695 156.9 229.9 -33.0 -19.0
1987 915.500    4852 A      0   18    0   10 0.396 329.6 248.7  27.0  13.0
1987 915.500    4853 A      0   91    0   60 0.651 172.3 229.7 -33.0  -6.0
1987 915.500    4853AA      0   18    0   10 0.338  55.2 218.7  18.0 -17.0
1987 916.500    4853 A      0   61    0   40 0.635 186.7 227.5 -32.0   5.0
1987 916.500    4853AA      0    0    0    0 0.222  31.5 215.5  18.0  -7.0
1987 917.500    4853 A      0   72    0   50 0.690 202.1 227.3 -33.0  18.0
1987 917.500    4855 A      0   21    0   50 0.977  78.2 130.3  13.0 -79.0
1987 918.500    4853 A      0   64    0   50 0.763 214.5 227.1 -33.0  31.0
1987 918.500    4855 A      0   63    0   70 0.892  79.0 132.1  13.0 -64.0
1987 918.500    4857 A      0   15    0   10 0.606 174.3 192.1 -30.0  -4.0
1987 919.500    4853 A      0   43    0   40 0.842 224.4 226.9 -32.0  44.0
1987 919.500    4855 A      0   76    0   60 0.771  79.0 131.9  13.0 -51.0
1987 919.500    4857 A      0   15    0   10 0.623 195.4 193.9 -30.0  11.0
1987 920.500    4853 A      0   24    0   30 0.912 228.9 224.7 -33.0  55.0
1987 920.500    4855 A      0   93    0   60 0.627  78.0 130.7  13.0 -39.0
1987 920.500    4857 A      0   57    0   40 0.690 210.7 193.7 -30.0  24.0
1987 921.500    4853 A      0   10    0   20 0.965 234.0 223.5 -32.0  67.0
1987 921.500    4855 A      0   91    0   50 0.412  73.9 132.5  13.0 -24.0
1987 921.500    4857 A      0   75    0   60 0.780 221.9 193.5 -30.0  37.0
1987 922.500    4855 A      0  117    0   60 0.214  60.2 132.3  13.0 -11.0
1987 922.500    4857 A      0   68    0   70 0.871 229.6 193.3 -30.0  50.0
1987 922.500    4858 A      0    9    0   20 0.974 113.5  70.3 -21.0 -73.0
1987 923.500    4855 A      0  139    0   70 0.117 334.1 133.1  13.0   3.0
1987 923.500    4857 A      0   52    0   70 0.927 234.8 190.1 -29.0  60.0
1987 923.500    4858 A      0    8    0   10 0.905 116.0  70.1 -20.0 -60.0
1987 924.500    4855 A      0  114    0   60 0.290 292.3 132.9  13.0  16.0
1987 924.500    4857 A      0   18    0   50 0.982 237.5 189.9 -30.0  73.0
1987 924.500    4858 A      0   11    0   10 0.804 121.2  69.9 -20.0 -47.0
1987 925.500    4855 A      0   69    0   40 0.488 284.4 132.7  13.0  29.0
1987 926.500    4855 A      0   44    0   30 0.666 281.9 132.5  13.0  42.0
1987 927.500    4855 A      0   22    0   20 0.823 282.3 133.4  14.0  56.0
1987 927.500    4856 A      0    7    0   10 0.932 237.5 139.4 -27.0  62.0
1987 928.500    4855 A      0   15    0   20 0.927 282.4 133.2  14.0  69.0
1987 928.500    4856 A      0    6    0   20 0.987 241.2 140.2 -27.0  76.0
1987 928.500    4859 A      0    4    0   10 0.969 112.7 352.2 -20.0 -72.0
1987 929.500    4855 A      0    3    0   10 0.981 282.0 131.0  13.0  80.0
1987 929.500    4858AA      0   16    0   10 0.573  62.5  18.0  21.0 -33.0
1987 929.500    4859 A      0   14    0   20 0.931 119.1 348.0 -24.0 -63.0
1987 929.500    4860 A      0   53    0  100 0.964  60.7 335.0  30.0 -76.0
1987 930.500    4859 A      0   32    0   30 0.841 125.6 348.8 -25.0 -49.0
1987 930.500    4860 A      0  110    0  140 0.919  60.2 330.8  30.0 -67.0
198710 1.500    4859 A      0   25    0   20 0.762 129.5 344.6 -24.0 -40.0
198710 1.500    4860 A      0  172    0  150 0.818  57.7 331.6  30.0 -53.0
198710 1.500    4861 A      0   15    0   10 0.647 136.0 355.6 -22.0 -29.0
198710 2.500    4859 A      0   15    0   10 0.656 139.2 343.4 -24.0 -28.0
198710 2.500    4860 A      0  262    0  180 0.683  50.6 333.4  31.0 -38.0
198710 2.500    4862 A      0    9    0   20 0.972  56.5 293.4  34.0 -78.0
198710 3.500    4859 A      0    0    0    0 0.545 157.9 345.2 -24.0 -13.0
198710 3.500    4860 A      0  263    0  160 0.567  41.5 332.2  31.0 -26.0
198710 3.500    4862 A      0    7    0   10 0.917  55.7 292.2  34.0 -66.0
198710 4.500    4859 A      0    0    0    0 0.435 171.3 341.0 -19.0  -4.0
198710 4.500    4860 A      0  383    0  220 0.489  30.9 328.0  31.0 -17.0
198710 4.500    4861 A      0   17    0   10 0.454 199.0 354.0 -19.0   9.0
198710 4.500    4862 A      0   20    0   20 0.861  52.9 288.0  35.0 -57.0
198710 5.500    4860 A      0  363    0  200 0.416   2.1 330.8  31.0  -1.0
198710 5.500    4861 A      0   16    0   10 0.570 220.1 354.8 -20.0  23.0
198710 5.500    4862 A      0   57    0   40 0.696  47.8 293.8  33.0 -38.0
198710 6.500    4860 A      0  302    0  170 0.455 337.0 330.6  31.0  12.0
198710 6.500    4861 A      0   14    0   10 0.694 230.5 353.6 -21.0  35.0
198710 6.500    4862 A      0   49    0   30 0.561  35.7 295.6  33.0 -23.0
198710 7.500    4860 A      0  248    0  150 0.560 319.7 330.4  31.0  25.0
198710 7.500    4862 A      0   52    0   30 0.474  17.9 295.4  33.0 -10.0
198710 7.500    4863 A      0    0    0    0 0.321 322.8 317.4  21.0  12.0
198710 8.500    4860 A      0  157    0  110 0.696 309.2 331.2  31.0  39.0
198710 8.500    4862 A      0   35    0   20 0.450   0.0 292.2  33.0   0.0
198710 8.500    4863 A      0   17    0   10 0.462 304.8 316.2  21.0  24.0
198710 8.500    4864 A      0   14    0   10 0.670 137.0 262.2 -24.0 -30.0
198710 8.500    4865 A      0    0    0    0 0.882 300.8 353.2  30.0  61.0
198710 8.500    4869AA      0    0    0    0 0.922 118.2 230.2 -23.0 -62.0
198710 9.500    4860 A      0   77    0   70 0.831 303.4 333.0  31.0  54.0
198710 9.500    4862 A      0   17    0   10 0.480 340.5 290.0  33.0  11.0
198710 9.500    4863 A      0   15    0   10 0.622 294.6 316.0  20.0  37.0
198710 9.500    4864 A      0   16    0   10 0.559 153.2 263.0 -24.0 -16.0
198710 9.500    4866 A      0   40    0  150 0.991  68.6 195.0  22.0 -84.0
198710 9.500    4867 A      0    5    0   10 0.959 129.3 214.0 -35.0 -65.0
19871010.500    4860 A      0   38    0   50 0.921 300.1 332.8  30.0  67.0
19871010.500    4864 A      0   17    0   10 0.520 173.0 261.8 -25.0  -4.0
19871010.500    4866 A      0  179    0  320 0.960  68.8 190.8  22.0 -75.0
19871010.500    4867 A      0    8    0   10 0.898 134.0 213.8 -35.0 -52.0
19871010.500    4868 A      0    4    0   50 0.999 120.6 182.8 -30.0 -83.0
19871011.500    4860 A      0   18    0   40 0.973 299.5 330.6  30.0  78.0
19871011.500    4864 A      0   50    0   30 0.538 197.0 262.6 -25.0  10.0
19871011.500    4866 A      0  380    0  390 0.873  69.3 191.6  21.0 -61.0
19871011.500    4868 A      0   56    0  100 0.960 124.8 185.6 -31.0 -67.0
19871012.500    4864 A      0   31    0   20 0.603 212.6 260.4 -25.0  21.0
19871012.500    4866 A      0  472    0  360 0.755  65.9 191.4  22.0 -48.0
19871012.500    4868 A      0  118    0  130 0.891 128.1 185.4 -30.0 -54.0
19871012.500    4869 A      0   16    0   10 0.531 185.1 242.4 -26.0   3.0
19871013.500    4864 A      0   41    0   30 0.718 224.4 260.2 -26.0  34.0
19871013.500    4866 A      0  627    0  400 0.620  61.5 190.2  22.0 -36.0
19871013.500    4868 A      0  143    0  120 0.801 134.8 185.2 -30.0 -41.0
19871013.500    4869 A      0   65    0   40 0.574 203.9 241.2 -26.0  15.0
19871013.500    4870 A      0   16    0   10 0.562 151.6 209.2 -24.0 -17.0
19871013.500    4871 A      0    8    0   20 0.975 120.5 154.2 -28.0 -72.0
19871014.500    4866 A      0  719    0  400 0.438  49.4 192.0  22.0 -21.0
19871014.500    4868 A      0  152    0  110 0.720 144.8 184.0 -31.0 -29.0
19871014.500    4869 A      0  149    0  100 0.667 219.2 241.0 -26.0  28.0
19871014.500    4870 A      0   51    0   30 0.501 172.7 209.0 -24.0  -4.0
19871014.500    4871 A      0   18    0   20 0.893 124.2 157.0 -27.0 -56.0
19871015.500    4866 A      0  762    0  400 0.303  21.9 192.9  22.0  -7.0
19871015.500    4868 A      0  140    0   90 0.628 157.7 183.9 -30.0 -16.0
19871015.500    4869 A      0  155    0  120 0.761 229.9 239.9 -25.0  40.0
19871015.500    4870 A      0  207    0  120 0.505 198.4 209.9 -23.0  10.0
19871016.500    4866 A      0  589    0  310 0.310 335.4 194.7  22.0   8.0
19871016.500    4868 A      0  129    0   80 0.585 175.6 183.7 -30.0  -3.0
19871016.500    4869 A      0   67    0   70 0.876 236.1 240.7 -26.0  54.0
19871016.500    4870 A      0  286    0  180 0.604 216.2 209.7 -24.0  23.0
19871017.500    4866 A      0  589    0  330 0.449 312.8 194.5  23.0  21.0
19871017.500    4866AA      0    0    0    0 0.345 227.9 188.5  -8.0  15.0
19871017.500    4868 A      0  110    0   70 0.613 194.1 183.5 -31.0  10.0
19871017.500    4869 A      0   13    0   20 0.939 238.5 237.5 -27.0  64.0
19871017.500    4870 A      0  264    0  190 0.718 228.4 209.5 -24.0  36.0
19871018.500    4866 A      0  274    0  170 0.592 302.1 193.3  23.0  33.0
19871018.500    4868 A      0   88    0   60 0.677 209.7 183.3 -31.0  23.0
19871018.500    4869 A      0    3    0   10 0.988 241.5 237.3 -27.0  77.0
19871018.500    4870 A      0  178    0  160 0.830 236.2 209.3 -24.0  49.0
19871018.500    4872 A      0    9    0   10 0.884 144.3 116.3 -42.0 -44.0
19871018.500    4873 A      0   17    0   30 0.958 126.9  94.3 -33.0 -66.0
19871018.500    4874 A      0    0    0    0 0.216  22.7 155.3  17.0  -5.0
19871019.500    4866 A      0  142    0  110 0.760 295.8 195.1  23.0  48.0
19871019.500    4868 A      0   89    0   70 0.767 221.1 183.1 -31.0  36.0
19871019.500    4870 A      0  124    0  160 0.921 241.1 209.1 -24.0  62.0
19871019.500    4872 A      0   11    0   10 0.808 152.2 117.1 -41.0 -30.0
19871019.500    4873 A      0   46    0   50 0.887 131.8  95.1 -33.0 -52.0
19871019.500    4874 A      0   19    0   10 0.251 323.5 156.1  17.0   9.0
19871020.500    4866 A      0   77    0   80 0.876 292.2 194.9  22.0  61.0
19871020.500    4868 A      0   51    0   50 0.857 227.4 181.9 -32.0  48.0
19871020.500    4870 A      0   31    0   70 0.974 242.8 206.9 -25.0  73.0
19871020.500    4872 A      0   38    0   30 0.771 161.7 114.9 -42.0 -19.0
19871020.500    4873 A      0   46    0   40 0.815 137.5  92.9 -33.0 -41.0
19871020.500    4874 A      0   18    0   10 0.401 301.3 154.9  17.0  21.0
19871021.500    4866 A      0   29    0   50 0.957 291.4 194.7  22.0  74.0
19871021.500    4868 A      0   36    0   50 0.930 233.7 181.7 -31.0  61.0
19871021.500    4870 A      0    4    0   30 0.997 245.4 203.7 -24.0  83.0
19871021.500    4872 A      0   54    0   40 0.737 175.0 115.7 -42.0  -5.0
19871021.500    4873 A      0   41    0   30 0.726 147.2  92.7 -33.0 -28.0
19871021.500    4874 A      0   16    0   10 0.582 293.9 154.7  18.0  34.0
19871022.500    4866 A      0    2    0   20 0.998 291.8 195.5  22.0  88.0
19871022.500    4868 A      0   10    0   30 0.985 236.2 182.5 -32.0  75.0
19871022.500    4872 A      0   67    0   50 0.737 186.1 113.5 -42.0   6.0
19871022.500    4873 A      0   60    0   40 0.657 159.4  91.5 -33.0 -16.0
19871023.500    4872 A      0   25    0   20 0.775 197.0 112.3 -43.0  18.0
19871023.500    4873 A      0   31    0   20 0.618 175.9  91.3 -33.0  -3.0
19871024.500    4873AA      0   17    0   10 0.501 183.6  83.2 -25.0   2.0
19871024.500    4875 A      0   23    0   60 0.981  59.4   1.2  31.0 -80.0
19871024.500    4876 A      0   11    0   10 0.811 235.5 128.2 -24.0  47.0
19871025.500    4875 A      0  188    0  270 0.937  58.7 359.0  31.0 -69.0
19871025.500    4876 A      0    8    0   10 0.914 241.0 129.0 -24.0  61.0
19871026.500    4871AA      0    0    0    0 0.920 237.9 115.8 -27.0  61.0
19871026.500    4873 A      0   12    0   10 0.767 212.9  85.8 -36.0  31.0
19871026.500    4875 A      0  254    0  250 0.861  56.6 357.8  31.0 -57.0
19871026.500    4876 A      0    3    0   10 0.988 244.8 132.8 -24.0  78.0
19871026.500    4877 A      0   18    0   10 0.359  15.3  48.8  25.0  -6.0
19871026.500    4878 A      0    5    0   10 0.957 112.6 344.8 -20.0 -70.0
19871026.500    4880 A      0    0    0    0 0.424 264.5  79.8   2.0  25.0
19871027.500    4873 A      0   10    0   10 0.853 222.1  86.6 -36.0  45.0
19871027.500    4875 A      0  360    0  270 0.745  51.7 358.6  31.0 -43.0
19871027.500    4877 A      0   37    0   20 0.370 340.1  49.6  25.0   8.0
19871027.500    4878 A      0   28    0   30 0.879 117.0 344.6 -21.0 -57.0
19871027.500    4880 A      0   15    0   10 0.615 268.9  79.6   3.0  38.0
19871027.500    4881 A      0   35    0   20 0.454 188.2  45.6 -22.0   4.0
19871028.500    4875 A      0  437    0  280 0.624  43.4 358.4  31.0 -30.0
19871028.500    4877 A      0   17    0   10 0.470 315.8  49.4  24.0  21.0
19871028.500    4878 A      0   65    0   50 0.758 122.9 345.4 -21.0 -43.0
19871028.500    4881 A      0  152    0   90 0.529 212.8  46.4 -22.0  18.0
19871029.500    4875 A      0  594    0  350 0.527  28.1 358.2  32.0 -17.0
19871029.500    4878 A      0   92    0   60 0.638 131.1 344.2 -21.0 -31.0
19871029.500    4881 A      0  238    0  160 0.666 229.3  48.2 -22.0  33.0
19871030.500    4875 A      0  389    0  220 0.467   7.3 358.0  32.0  -4.0
19871030.500    4878 A      0   51    0   30 0.506 147.3 345.0 -21.0 -17.0
19871030.500    4881 A      0  183    0  150 0.790 237.6  48.0 -22.0  46.0
19871031.500    4875 A      0  318    0  180 0.465 345.2 356.8  31.0   8.0
19871031.500    4878 A      0   36    0   20 0.432 171.3 344.8 -21.0  -4.0
19871031.500    4881 A      0  143    0  160 0.894 242.7  47.8 -22.0  59.0
198711 1.500    4875 A      0  337    0  200 0.538 324.8 356.7  30.0  21.0
198711 1.500    4878 A      0   36    0   20 0.435 199.8 344.7 -20.0   9.0
198711 1.500    4881 A      0   39    0  110 0.984 246.7  52.7 -22.0  77.0
198711 1.500    4882 A      0   12    0   30 0.978 114.6 260.7 -23.0 -75.0
198711 2.500    4875 A      0  281    0  190 0.672 310.1 358.5  29.0  36.0
198711 2.500    4878 A      0   16    0   10 0.537 218.6 343.5 -21.0  21.0
198711 2.500    4882 A      0   38    0   50 0.923 118.1 259.5 -24.0 -63.0
198711 2.500    4883 A      0   45    0   90 0.967 115.1 250.5 -23.0 -72.0
198711 3.500    4875 A      0  172    0  140 0.787 304.3 357.3  29.0  48.0
198711 3.500    4878 A      0   14    0   10 0.665 231.8 343.3 -21.0  34.0
198711 3.500    4882 A      0   35    0   30 0.809 125.0 262.3 -25.0 -47.0
198711 3.500    4883 A      0   62    0   70 0.895 118.2 250.3 -23.0 -59.0
198711 4.500    4875 A      0  182    0  200 0.890 300.7 357.1  29.0  61.0
198711 4.500    4882 A      0   14    0   10 0.702 132.2 261.1 -25.0 -35.0
198711 4.500    4883 A      0  172    0  140 0.787 122.0 250.1 -22.0 -46.0
198711 4.500    4884 A      0    4    0   10 0.976  72.4 218.1  18.0 -78.0
198711 5.500    4875 A      0   64    0  140 0.973 297.9 359.9  28.0  77.0
198711 5.500    4882 A      0   16    0   10 0.586 144.6 260.9 -25.0 -22.0
198711 5.500    4883 A      0  197    0  130 0.650 130.9 250.9 -22.0 -32.0
198711 5.500    4884 A      0    9    0   10 0.867  74.9 222.9  15.0 -60.0
198711 6.500    4875 A      0    6    0   50 0.998 300.9 357.7  31.0  88.0
198711 6.500    4878AA      0   17    0   10 0.486 277.8 298.7   7.0  29.0
198711 6.500    4882 A      0   17    0   10 0.476 160.4 259.7 -23.0 -10.0
198711 6.500    4882AA      0   15    0   10 0.619 152.9 250.7 -30.0 -19.0
198711 6.500    4883 A      0  119    0   70 0.525 144.9 250.7 -22.0 -19.0
198711 6.500    4884 A      0   13    0   10 0.729  71.4 223.7  16.0 -46.0
198711 6.500    4885 A      0   17    0   10 0.478 352.9 273.7  32.0   4.0
198711 7.500    4882 A      0   86    0   50 0.494 183.6 258.5 -26.0   2.0
198711 7.500    4883 A      0  125    0   70 0.446 165.3 249.5 -22.0  -7.0
198711 7.500    4884 A      0   33    0   20 0.557  66.2 224.5  16.0 -32.0
198711 7.500    4885 A      0   16    0   10 0.539 332.6 273.5  32.0  17.0
198711 7.500    4887 A      0   15    0   10 0.658 124.5 221.5 -19.0 -35.0
198711 8.500    4883 A      0  124    0   70 0.452 190.2 248.4 -23.0   5.0
198711 8.500    4884 A      0    0    0    0 0.366  49.7 226.4  17.0 -17.0
198711 8.500    4885 A      0   30    0   20 0.636 317.6 273.4  31.0  30.0
198711 8.500    4887 A      0   16    0   10 0.528 138.2 221.4 -20.0 -22.0
198711 8.500    4888 A      0   17    0   10 0.494 174.5 240.4 -26.0  -3.0
198711 8.500    4889 A      0   11    0   30 0.980  73.3 164.4  17.0 -79.0
198711 9.500    4883 A      0   84    0   50 0.530 216.8 250.2 -22.0  20.0
198711 9.500    4884 A      0   19    0   10 0.257  22.9 224.2  17.0  -6.0
198711 9.500    4888 A      0   17    0   10 0.513 197.7 240.2 -26.0  10.0
198711 9.500    4889 A      0   17    0   20 0.900  72.7 166.2  17.0 -64.0
19871110.500    4883 A      0   29    0   20 0.682 230.7 252.0 -23.0  35.0
19871110.500    4884 A      0    0    0    0 0.278 323.1 227.0  16.0  10.0
19871110.500    4885 A      0   10    0   10 0.859 303.3 273.0  30.0  56.0
19871110.500    4888 A      0    0    0    0 0.625 217.1 242.0 -27.0  25.0
19871110.500    4889 A      0   12    0   10 0.785  72.1 166.0  16.0 -51.0
19871111.500    4883 A      0    0    0    0 0.805 238.2 251.8 -23.0  48.0
19871111.500    4885 A      0   26    0   40 0.943 302.9 272.8  32.0  69.0
19871111.500    4889 A      0    0    0    0 0.640  66.9 165.8  17.0 -38.0
19871111.500    4890 A      0   13    0  150 0.999 116.3 118.8 -26.0 -85.0
19871112.500    4883 A      0    8    0   10 0.903 243.9 251.6 -22.0  61.0
19871112.500    4885 A      0   12    0   40 0.987 301.9 271.6  32.0  81.0
19871112.500    4890 A      0  224    0  370 0.953 117.4 121.6 -25.0 -69.0
19871113.500    4890 A      0  435    0  490 0.896 119.8 118.4 -25.0 -59.0
19871114.500    4890 A      0  489    0  410 0.802 124.3 117.3 -25.0 -47.0
19871115.500    4890 A      0  672    0  460 0.682 132.0 117.1 -25.0 -34.0
19871116.500    4890 A      0  876    0  530 0.563 144.7 116.9 -25.0 -21.0
19871116.500    4891 A      0   16    0   60 0.991 111.6  56.9 -21.0 -81.0
19871116.500    4892 A      0   38    0   40 0.876 114.5  79.9 -20.0 -58.0
19871117.500    4890 A      0  808    0  460 0.477 164.7 116.7 -25.0  -8.0
19871117.500    4891 A      0   67    0  100 0.942 113.3  56.7 -21.0 -68.0
19871117.500    4892 A      0   11    0   10 0.805 115.8  74.7 -19.0 -50.0
19871117.500    4893 A      0   18    0   10 0.352 199.4 131.7 -17.0   7.0
19871118.500    4890 A      0  529    0  300 0.471 193.6 118.5 -25.0   7.0
19871118.500    4891 A      0  106    0  100 0.845 116.7  57.5 -21.0 -54.0
19871118.500    4893 A      0   17    0   10 0.463 224.9 131.5 -17.0  20.0
19871118.500    4894 A      0    0    0    0 0.335 159.5 104.5 -16.0  -7.0
19871119.500    4889AA      0   13    0   10 0.743 246.1 143.3 -16.0  45.0
19871119.500    4890 A      0  517    0  310 0.550 214.3 118.3 -25.0  20.0
19871119.500    4891 A      0  236    0  170 0.718 123.9  58.3 -22.0 -40.0
19871119.500    4893 A      0   31    0   20 0.624 238.9 132.3 -17.0  34.0
19871119.500    4894 A      0   18    0   10 0.324 204.5 106.3 -15.0   8.0
19871120.500    4889AA      0   10    0   10 0.863 252.5 143.2 -14.0  58.0
19871120.500    4890 A      0  510    0  340 0.660 228.9 118.2 -24.0  33.0
19871120.500    4891 A      0  376    0  230 0.573 134.8  59.2 -22.0 -26.0
19871121.500    4889AA      0    6    0   10 0.953 252.5 143.0 -16.0  71.0
19871121.500    4890 A      0  492    0  390 0.775 236.5 117.0 -24.0  45.0
19871121.500    4891 A      0  430    0  240 0.442 151.6  59.0 -21.0 -13.0
19871122.500    4890 A      0  363    0  400 0.891 240.6 117.8 -25.0  59.0
19871122.500    4891 A      0  571    0  310 0.387 180.0  58.8 -21.0   0.0
19871122.500    4895 A      0   14    0   20 0.932  61.6 351.8  27.0 -67.0
19871122.500    4896 A      0   31    0   20 0.613 197.7  71.8 -34.0  13.0
19871122.500    4897 A      0    5    0   10 0.965 117.6 346.8 -26.0 -72.0
19871123.500    4890 A      0  135    0  270 0.968 243.6 118.6 -25.0  73.0
19871123.500    4891 A      0  501    0  280 0.445 205.7  57.6 -22.0  12.0
19871123.500    4895 A      0   10    0   10 0.842  56.1 352.6  29.0 -53.0
19871123.500    4896 A      0  104    0   70 0.668 212.0  70.6 -33.0  25.0
19871123.500    4897 A      0   10    0   10 0.864 118.0 349.6 -23.0 -56.0
19871124.500    4890 A      0   18    0  150 0.998 244.8 117.4 -25.0  85.0
19871124.500    4891 A      0  246    0  150 0.568 225.7  58.4 -22.0  26.0
19871124.500    4896 A      0  191    0  150 0.770 221.5  70.4 -34.0  38.0
19871124.500    4897 A      0   13    0   10 0.720 124.7 352.4 -23.0 -40.0
19871125.500    4891 A      0  112    0   80 0.708 237.9  59.3 -21.0  40.0
19871125.500    4896 A      0  215    0  210 0.858 229.5  70.3 -33.0  51.0
19871125.500    4897 A      0   16    0   10 0.567 134.2 353.3 -22.0 -26.0
19871126.500    4891 A      0   57    0   50 0.815 242.9  57.1 -21.0  51.0
19871126.500    4895 A      0   16    0   10 0.532  16.1 356.1  32.0 -10.0
19871126.500    4896 A      0  226    0  320 0.935 233.7  70.1 -33.0  64.0
19871126.500    4897 A      0   53    0   30 0.467 151.5 352.1 -23.0 -14.0
19871126.500    4897AA      0   17    0   10 0.482  67.0 339.1  12.0 -27.0
19871127.500    4891 A      0    8    0   10 0.908 247.3  55.9 -20.0  63.0
19871127.500    4895 A      0   17    0   10 0.451   0.0 352.9  28.0   0.0
19871127.500    4896 A      0   73    0  180 0.979 235.9  67.9 -33.0  75.0
19871127.500    4897 A      0   18    0   10 0.393 180.0 352.9 -22.0   0.0
19871127.500    4898AA      0   14    0   10 0.714 137.8 318.9 -31.0 -34.0
19871128.500    4891 A      0    8    0   20 0.979 248.3  56.7 -21.0  77.0
19871128.500    4896 A      0    0    0   60 1.000 237.0  67.7 -33.0  88.0
19871128.500    4897 A      0   17    0   10 0.477 207.6 353.7 -24.0  14.0
19871128.500    4898 A      0   17    0   10 0.514 142.2 319.7 -23.0 -20.0
19871128.500    4898AA      0   16    0   10 0.592 153.4 321.7 -31.0 -18.0
19871129.500    4898 A      0   17    0   10 0.440 163.2 318.5 -24.0  -8.0
19871129.500    4898AA      0   16    0   10 0.573 166.8 317.5 -33.0  -9.0
19871129.500    4899 A      0    7    0   10 0.919  59.7 262.5  28.0 -64.0
19871130.500    4898 A      0   18    0   10 0.396 191.8 318.4 -22.0   5.0
19871130.500    4898AA      0   16    0   10 0.561 187.5 318.4 -33.0   5.0
19871130.500    4900 A      0   18    0   10 0.399 350.8 317.4  24.0   4.0
198712 1.500    4898 A      0   52    0   30 0.480 216.7 318.2 -22.0  18.0
198712 1.500    4899 A      0   13    0   10 0.732  46.1 262.2  31.0 -38.0
198712 1.500    4899BA      0    0    0    0 0.858 123.6 246.2 -28.0 -54.0
198712 1.500    4900 A      0   17    0   10 0.482 328.8 316.2  25.0  16.0
198712 2.500    4898 A      0   31    0   20 0.615 233.5 319.0 -21.0  32.0
198712 2.500    4899AA      0    0    0    0 0.664 108.9 247.0 -12.0 -40.0
198712 2.500    4899BA      0    0    0    0 0.735 128.8 247.0 -27.0 -40.0
198712 2.500    4900 A      0   16    0   10 0.586 313.0 315.0  24.0  28.0
198712 2.500    4900AA      0    0    0    0 0.190  46.6 279.0   8.0  -8.0
198712 3.500    4898 A      0   24    0   20 0.783 242.4 321.8 -21.0  48.0
198712 3.500    4898AA      0   12    0   10 0.774 227.8 315.8 -31.0  42.0
198712 3.500    4899 A      0   17    0   10 0.491  24.1 260.8  27.0 -13.0
198712 3.500    4899AA      0   17    0   10 0.466 117.4 248.8 -12.0 -25.0
198712 3.500    4899BA      0   15    0   10 0.603 139.6 247.8 -27.0 -26.0
198712 3.500    4901 A      0    0    0    0 0.717 122.0 232.8 -22.0 -41.0
198712 4.500    4898 A      0    8    0   10 0.909 244.4 323.6 -23.0  63.0
198712 4.500    4899 A      0   17    0   10 0.450 358.0 261.6  27.0   1.0
198712 4.500    4901 A      0   16    0   10 0.554 135.4 235.6 -23.0 -25.0
198712 5.500    4901 A      0   54    0   30 0.416 154.9 236.5 -22.0 -11.0
198712 6.500    4898 A      0    5    0   30 0.995 247.9 318.3 -22.0  84.0
198712 6.500    4901 A      0  129    0   70 0.380 189.8 238.3 -22.0   4.0
198712 7.500    4901 A      0  124    0   70 0.461 216.0 238.1 -22.0  17.0
198712 7.500    4902 A      0   33    0   20 0.554 322.6 243.1  26.0  22.0
198712 7.500    4905CA      0    7    0   10 0.921  83.4 154.1   6.0 -67.0
198712 8.500    4901 A      0  160    0  100 0.598 233.6 238.9 -21.0  31.0
198712 8.500    4902 A      0   14    0   10 0.676 312.5 241.9  27.0  34.0
198712 8.500    4903 A      0   18    0   20 0.885 231.0 263.9 -34.0  56.0
198712 8.500    4905AA      0   17    0   10 0.480  22.9 195.9  26.0 -12.0
198712 8.500    4905CA      0   12    0   10 0.780  82.1 156.9   6.0 -51.0
198712 9.500    4901 A      0  134    0  100 0.739 241.4 238.8 -21.0  44.0
198712 9.500    4903 A      0   35    0   60 0.954 234.2 263.8 -34.0  69.0
198712 9.500    4904 A      0   16    0   10 0.559 235.1 223.8 -19.0  29.0
19871210.500    4901 A      0   78    0   80 0.872 248.4 240.6 -19.0  59.0
19871210.500    4903 A      0   15    0   60 0.992 237.8 263.6 -32.0  82.0
19871210.500    4904 A      0   13    0   10 0.720 243.6 224.6 -19.0  43.0
19871210.500    4905BA      0    0    0    0 0.656  27.9 159.6  35.0 -22.0
19871211.500    4901 A      0   18    0   30 0.951 249.1 239.4 -20.0  71.0
19871211.500    4904 A      0   11    0   10 0.833 245.0 222.4 -21.0  54.0
19871211.500    4905 A      0    0    0    0 0.735 308.9 208.4  27.0  40.0
19871212.500    4901 A      0    8    0   30 0.989 248.9 236.2 -21.0  81.0
19871212.500    4904 A      0    5    0   10 0.961 248.3 228.2 -21.0  73.0
19871212.500    4905 A      0   22    0   20 0.820 302.9 205.2  26.0  50.0
19871212.500    4906 A      0    7    0   60 0.998 124.0  69.2 -34.0 -86.0
19871213.500    4905 A      0   12    0   20 0.946 300.1 210.1  28.0  68.0
19871213.500    4906 A      0   93    0  220 0.977 122.6  66.1 -32.0 -76.0
19871213.500    4907 A      0   28    0   20 0.703 125.8 103.1 -25.0 -39.0
19871214.500    4906 A      0  172    0  240 0.933 126.4  63.9 -34.0 -65.0
19871214.500    4907 A      0   16    0   10 0.543 144.0 107.9 -27.0 -21.0
19871214.500    4908 A      0    7    0   10 0.928 117.7  62.9 -26.0 -66.0
19871215.500    4906 A      0  226    0  220 0.857 128.6  62.7 -33.0 -53.0
19871215.500    4907 A      0   17    0   10 0.461 151.6 101.7 -25.0 -14.0
19871215.500    4908 A      0   11    0   10 0.830 118.5  62.7 -24.0 -53.0
19871216.500    4906 A      0  312    0  250 0.780 132.9  59.5 -33.0 -43.0
19871216.500    4907 A      0   72    0   40 0.419 177.9 101.5 -26.0  -1.0
19871216.500    4908 A      0   15    0   10 0.647 125.3  67.5 -23.0 -35.0
19871217.500    4906 A      0  283    0  190 0.665 140.4  59.4 -32.0 -30.0
19871217.500    4907 A      0   35    0   20 0.463 205.9 102.4 -26.0  13.0
19871217.500    4909 A      0    9    0   20 0.973  68.0  14.4  21.0 -75.0
19871218.500    4906 A      0  262    0  160 0.572 156.2  60.2 -33.0 -16.0
19871218.500    4907 A      0   15    0   10 0.616 229.3 107.2 -25.0  31.0
19871218.500    4909 A      0   34    0   40 0.902  66.9  14.2  20.0 -62.0
19871218.500    4910AA      0   31    0   20 0.624 244.2 112.2 -17.0  36.0
19871219.500    4906 A      0  206    0  120 0.507 185.0  66.0 -32.0   3.0
19871219.500    4909 A      0   37    0   30 0.780  61.1  16.0  21.0 -47.0
19871219.500    4910 A      0   10    0   10 0.853 247.4 120.0 -20.0  57.0
19871219.500    4910AA      0   27    0   20 0.729 248.0 108.0 -17.0  45.0
19871220.500    4906 A      0  198    0  120 0.563 202.7  64.8 -33.0  15.0
19871220.500    4907 A      0   11    0   10 0.824 239.3 101.8 -26.0  52.0
19871220.500    4908 A      0    0    0    0 0.405 211.0  62.8 -22.0  13.0
19871220.500    4909 A      0   14    0   10 0.671  51.9  14.8  23.0 -35.0
19871220.500    4910 A      0    6    0   10 0.949 248.4 120.8 -21.0  71.0
19871221.500    4906 A      0  153    0  100 0.643 218.3  64.7 -32.0  28.0
19871221.500    4910 A      0    3    0   20 0.997 252.1 122.7 -18.0  86.0
19871222.500    4906 A      0  133    0  100 0.744 227.1  63.5 -32.0  40.0
19871222.500    4911 A      0   29    0   20 0.671 208.5  47.5 -38.0  24.0
19871223.500    4906 A      0   96    0   90 0.844 231.5  62.3 -33.0  52.0
19871223.500    4911 A      0   13    0   10 0.744 219.1  46.3 -37.0  36.0
19871224.500    4906 A      0   74    0  100 0.928 234.0  62.1 -34.0  65.0
19871224.500    4911 A      0   11    0   10 0.832 223.1  44.1 -39.0  47.0
19871225.500    4906 A      0   37    0   90 0.978 235.7  61.0 -34.0  77.0
19871225.500    4912 A      0   39    0  100 0.980 123.2 266.0 -33.0 -78.0
19871225.500    4913 A      0   18    0   10 0.330 194.3 349.0 -21.0   5.0
19871226.500    4906 A      0   10    0  120 0.999 237.1  59.8 -33.0  89.0
19871226.500    4912 A      0  239    0  370 0.946 124.1 261.8 -33.0 -69.0
19871226.500    4913 A      0   18    0   10 0.379 231.6 348.8 -16.0  18.0
19871226.500    4913AA      0    0    0    0 0.559 188.7 336.8 -36.0   6.0
19871226.500    4913BA      0   18    0   10 0.329  24.1 322.8  15.0  -8.0
19871227.500    4912 A      0  438    0  460 0.879 127.7 260.6 -34.0 -57.0
19871228.500    4912 A      0  648    0  530 0.791 132.1 259.5 -34.0 -45.0
19871229.500    4912 A      0  678    0  470 0.692 139.2 258.3 -34.0 -33.0
19871229.500    4915 A      0   60    0   40 0.659 217.6 320.3 -34.0  29.0
19871230.500    4912 A      0  702    0  440 0.602 152.3 258.1 -35.0 -20.0
19871230.500    4915 A      0   51    0   40 0.762 224.8 319.1 -35.0  41.0
19871231.500    4912 A      0  758    0  450 0.538 169.3 257.9 -35.0  -7.0
19871231.500    4915 A      0   42    0   40 0.846 232.4 317.9 -33.0  53.0
19871231.500    4917 A      0    6    0   10 0.947 112.2 193.9 -22.0 -71.0
