1986 113.500    4710 A      0  111    0   80 0.720 257.7  54.9 -12.0  46.0
1986 114.500    4710 A      0  110    0  110 0.864 258.8  55.7 -12.0  60.0
1986 115.500    4710 A      0   40    0   70 0.958 259.9  56.5 -11.0  74.0
1986 116.500    4710 A      0   16    0   60 0.991 258.5  52.4 -12.0  83.0
1986 122.500    4710BA      0    7    0   10 0.931  53.7 189.4  31.0 -61.0
1986 123.500    4710BA      0    0    0    0 0.817  49.9 192.2  28.0 -45.0
1986 126.500    4710AA      0   19    0   10 0.165 249.1 206.7  -9.0   9.0
1986 130.500    4711 A      0   30    0  130 0.993  97.4  61.0  -8.0 -84.0
1986 131.500    4710CA      0   18    0   10 0.426  56.4 110.9   8.0 -21.0
1986 131.500    4711 A      0  152    0  240 0.948  95.4  59.9  -7.0 -72.0
1986 2 1.500    4711 A      0  439    0  410 0.844  95.6  60.7  -8.0 -58.0
1986 2 2.500    4711 A      0  839    0  590 0.703  93.7  60.5  -7.0 -45.0
1986 2 2.500    4712 A      0   77    0   50 0.627 269.7 144.5  -5.0  39.0
1986 2 3.500    4711 A      0 1202    0  700 0.512  95.1  61.4  -8.0 -31.0
1986 2 3.500    4712 A      0   98    0   80 0.786 269.8 144.4  -4.0  52.0
1986 2 3.500    4713 A      0   29    0   60 0.970  90.5  16.4  -2.0 -76.0
1986 2 4.500    4711 A      0 1346    0  700 0.274  93.3  63.2  -7.0 -16.0
1986 2 4.500    4712 A      0   86    0  110 0.919 268.4 146.2  -4.0  67.0
1986 2 4.500    4713 A      0  117    0  120 0.873  89.9  18.2  -3.0 -61.0
1986 2 5.500    4711 A      0 1095    0  550 0.087  97.2  61.0  -7.0  -5.0
1986 2 5.500    4712 A      0    4    0   20 0.994 266.7 150.0  -4.0  84.0
1986 2 5.500    4713 A      0  183    0  140 0.755  87.1  17.0  -2.0 -49.0
1986 2 6.500    4711 A      0  908    0  460 0.157 259.6  61.9  -8.0   9.0
1986 2 6.500    4713 A      0  226    0  140 0.590  84.5  16.9  -2.0 -36.0
1986 2 7.500    4711 A      0  534    0  290 0.388 267.4  62.7  -7.0  23.0
1986 2 7.500    4713 A      0  279    0  150 0.365  78.8  18.7  -2.0 -21.0
1986 2 8.500    4711 A      0  227    0  140 0.584 265.4  62.5  -8.0  36.0
1986 2 8.500    4713 A      0  296    0  150 0.160  60.6  18.5  -2.0  -8.0
1986 2 9.500    4711 A      0  114    0   90 0.772 265.1  64.4  -8.0  51.0
1986 2 9.500    4713 A      0  533    0  270 0.156 308.5  20.4  -1.0   7.0
1986 210.500    4711 A      0   17    0   20 0.894 264.4  64.2  -8.0  64.0
1986 210.500    4713 A      0  787    0  430 0.401 282.9  23.2  -1.0  23.0
1986 211.500    4711 A      0   13    0   30 0.975 262.3  65.0  -9.0  78.0
1986 211.500    4713 A      0 1051    0  670 0.620 276.9  25.0  -1.0  38.0
1986 212.500    4713 A      0  815    0  680 0.800 273.8  26.9  -1.0  53.0
1986 213.500    4713 A      0  478    0  610 0.920 270.7  27.7  -2.0  67.0
1986 214.500    4713 A      0   78    0  280 0.990 271.0  29.5   0.0  82.0
1986 215.500    4713 BD     0   59    0  250 0.993 268.2  19.0  -1.0  97.0
1986 220.500    4714 A      0    5    0   10 0.961  90.0 154.5  -2.0 -74.0
1986 221.500    4714 A      0   10    0   10 0.866  88.2 155.3  -2.0 -60.0
1986 222.500    4714 A      0   14    0   10 0.710  84.3 157.2  -1.0 -45.0
1986 223.500    4714 A      0   17    0   10 0.523  80.2 158.0  -1.0 -31.0
1986 224.500    4714 A      0   19    0   10 0.304  73.9 158.8  -2.0 -17.0
1986 226.500    4714 A      0   19    0   10 0.180 299.7 158.5  -2.0   9.0
1986 226.500    4716 A      0   19    0   10 0.136  22.7 146.5   0.0  -3.0
1986 227.500    4714 A      0   73    0   40 0.383 290.6 157.3   1.0  21.0
1986 227.500    4716 A      0   58    0   30 0.248 309.6 147.3   2.0  11.0
1986 228.500    4716 A      0   35    0   20 0.448 289.4 148.1   2.0  25.0
1986 3 1.500    4716 A      0   15    0   10 0.659 283.0 150.0   3.0  40.0
1986 3 1.500    4717 A      0  191    0  350 0.962  87.9  36.0   0.0 -74.0
1986 3 2.500    4717 A      0  315    0  320 0.870  84.7  36.8   1.0 -60.0
1986 3 2.500    4718 A      0   58    0   30 0.206 329.5 102.8   3.0   6.0
1986 3 3.500    4717 A      0  500    0  370 0.736  83.3  36.6   0.0 -47.0
1986 3 3.500    4718 A      0   18    0   10 0.382 296.5 103.6   3.0  20.0
1986 3 4.500    4717 A      0  590    0  370 0.603  76.9  34.5   2.0 -36.0
1986 3 4.500    4717AA      0    0    0    0 0.843  73.2  15.5  10.0 -55.0
1986 3 4.500    4718 A      0   16    0   10 0.598 286.8 105.5   4.0  35.0
1986 3 5.500    4717 A      0  731    0  400 0.404  68.0  35.3   2.0 -22.0
1986 3 5.500    4717AA      0   14    0   10 0.699  67.6  16.3  10.0 -41.0
1986 3 6.500    4717 A      0  646    0  330 0.201  37.3  37.1   2.0  -7.0
1986 3 7.500    4717 A      0  632    0  320 0.150 316.0  36.9  -1.0   6.0
1986 3 8.500    4717 A      0  337    0  180 0.347 290.1  36.8   0.0  19.0
1986 3 9.500    4717 A      0  235    0  140 0.541 281.4  36.6   0.0  32.0
1986 310.500    4717 A      0  140    0  100 0.711 275.8  36.4  -1.0  45.0
1986 311.500    4717 A      0   75    0   70 0.841 274.7  35.2   0.0  57.0
1986 312.500    4717 A      0   33    0   50 0.941 272.6  35.0   0.0  70.0
1986 320.500    4719 A      0   37    0   20 0.376 257.9 241.6 -11.0  22.0
1986 321.500    4719 A      0   33    0   20 0.558 258.8 240.4 -12.0  34.0
1986 322.500    4719 A      0   12    0   10 0.782 260.2 245.2 -12.0  52.0
1986 323.500    4719 A      0    8    0   10 0.900 260.0 245.0 -12.0  65.0
1986 323.500    4720 A      0    5    0   10 0.968  85.1 105.0   3.0 -75.0
1986 324.500    4719 A      0    4    0   10 0.978 259.1 245.9 -12.0  79.0
1986 324.500    4719BA      0   17    0   10 0.472 127.5 142.9 -23.0 -24.0
1986 324.500    4720 A      0   18    0   20 0.880  82.8 105.9   3.0 -61.0
1986 325.500    4720 A      0   13    0   10 0.754  80.0 105.7   3.0 -48.0
1986 326.500    4720 A      0   16    0   10 0.583  67.9 107.5   7.0 -33.0
1986 328.500    4720 A      0   19    0   10 0.288  46.0 102.1   5.0 -12.0
1986 329.500    4720 A      0   19    0   10 0.211 330.4 106.9   4.0   6.0
1986 330.500    4720 A      0   18    0   10 0.391 293.9 108.7   3.0  21.0
1986 4 1.500    4721 A      0   38    0   20 0.232  75.7  48.3  -3.0 -13.0
1986 4 2.500    4721 A      0   19    0   10 0.077   0.0  48.1  -2.0   0.0
1986 4 3.500    4721 A      0   19    0   10 0.236 288.0  47.9  -2.0  13.0
1986 4 7.500    4722 A      0   19    0   10 0.086 126.6 338.2  -9.0  -4.0
1986 4 8.500    4722 A      0   19    0   10 0.126 253.6 336.0  -8.0   7.0
1986 410.500    4723 A      0   12    0   10 0.784  98.1 250.6 -10.0 -52.0
1986 411.500    4723 A      0   30    0   20 0.653  98.6 248.4 -10.0 -41.0
1986 412.500    4723 A      0   35    0   20 0.472 102.7 248.2 -11.0 -28.0
1986 413.500    4723 A      0   38    0   20 0.278 114.2 248.0 -12.0 -15.0
1986 414.500    4723 A      0   39    0   20 0.096 169.7 248.8 -11.0  -1.0
1986 414.500    4724 A      0    5    0   10 0.963  96.8 174.8  -8.0 -75.0
1986 414.500    4725 A      0   25    0   60 0.978  88.8 171.8   0.0 -78.0
1986 415.500    4723 A      0   19    0   10 0.228 234.5 247.6 -13.0  11.0
1986 415.500    4724 A      0    9    0   10 0.887  97.3 173.6  -9.0 -63.0
1986 415.500    4725 A      0   58    0   70 0.907  87.4 171.6   0.0 -65.0
1986 416.500    4723 A      0   17    0   10 0.503 257.4 253.4 -11.0  30.0
1986 416.500    4724 A      0   13    0   10 0.751  94.6 174.4  -7.0 -49.0
1986 416.500    4725 A      0  146    0  120 0.791  84.5 171.4   1.0 -52.0
1986 417.500    4725 A      0  154    0  100 0.636  81.9 171.2   1.0 -39.0
1986 418.500    4725 A      0  161    0   90 0.438  74.5 171.9   2.0 -25.0
1986 419.500    4725 A      0  136    0   70 0.233  63.2 171.7   1.0 -12.0
1986 420.500    4720AA      0   19    0   10 0.133  66.6 163.5  -2.0  -7.0
1986 420.500    4725 A      0   99    0   50 0.106   0.0 170.5   1.0   0.0
1986 420.500    4725AA      0   19    0   10 0.133  66.6 163.5  -2.0  -7.0
1986 421.500    4720AA      0   19    0   10 0.116 296.2 163.3  -2.0   6.0
1986 421.500    4724 A      0   19    0   10 0.270 250.4 172.3 -10.0  15.0
1986 421.500    4725 A      0   97    0   50 0.240 290.6 170.3   0.0  13.0
1986 421.500    4725AA      0   19    0   10 0.116 296.2 163.3  -2.0   6.0
1986 421.500    4726 A      0   14    0   10 0.703  80.6 113.3   3.0 -44.0
1986 422.500    4725 A      0   88    0   50 0.458 277.3 171.1  -1.0  27.0
1986 422.500    4726 A      0   34    0   20 0.497  77.3 115.1   2.0 -29.0
1986 423.500    4720AA      0  135    0   80 0.535 277.6 162.9   0.0  32.0
1986 423.500    4725 A      0   29    0   20 0.671 273.8 172.9  -1.0  42.0
1986 423.500    4725AA      0  135    0   80 0.535 277.6 162.9   0.0  32.0
1986 423.500    4726 A      0  306    0  160 0.291  62.8 115.9   3.0 -15.0
1986 423.500    4727 A      0   26    0   20 0.756  77.8  82.9   6.0 -48.0
1986 424.500    4720AA      0   28    0   20 0.697 274.8 161.7   0.0  44.0
1986 424.500    4725 A      0    0    0    0 0.829 272.0 173.7  -1.0  56.0
1986 424.500    4725AA      0   28    0   20 0.697 274.8 161.7   0.0  44.0
1986 424.500    4726 A      0  733    0  370 0.135   7.4 116.7   3.0  -1.0
1986 424.500    4727 A      0   96    0   60 0.595  73.3  82.7   6.0 -35.0
1986 425.500    4726 A      0  717    0  370 0.245 302.2 116.5   3.0  12.0
1986 425.500    4727 A      0   73    0   40 0.399  63.4  83.5   6.0 -21.0
1986 426.500    4726 A      0  664    0  370 0.440 286.3 116.3   3.0  25.0
1986 426.500    4727 A      0   19    0   10 0.215  40.1  83.3   5.0  -8.0
1986 427.500    4726 A      0  662    0  430 0.638 280.1 117.1   3.0  39.0
1986 427.500    4727 A      0   19    0   10 0.190 320.2  85.1   4.0   7.0
1986 428.500    4726 A      0  363    0  300 0.795 278.4 116.8   4.0  52.0
1986 428.500    4727 A      0   18    0   10 0.371 304.4  82.8   8.0  18.0
1986 429.500    4726 A      0  215    0  270 0.917 276.2 117.6   4.0  66.0
1986 429.500    4727 A      0   33    0   20 0.530 290.4  81.6   7.0  30.0
1986 430.500    4726 A      0   36    0  110 0.986 274.8 118.4   4.0  80.0
1986 430.500    4727 A      0   41    0   30 0.725 285.1  83.4   8.0  45.0
1986 5 1.500    4727 A      0   52    0   50 0.848 280.8  82.2   7.0  57.0
1986 5 2.500    4727 A      0   32    0   50 0.944 278.8  82.0   7.0  70.0
1986 5 2.500    4728 A      0   25    0   20 0.765 281.2  61.0   6.0  49.0
1986 5 3.500    4728 A      0    8    0   10 0.905 279.6  62.8   7.0  64.0
1986 5 4.500    4728 A      0    4    0   10 0.977 279.0  62.5   8.0  77.0
1986 5 5.500    4728AA      0    0    0    0 0.869  51.0 280.3  31.0 -52.0
1986 5 8.500    4728BA      0   17    0   10 0.476 102.9 264.7  -9.0 -28.0
1986 515.500    4729 A      0   11    0   20 0.958  85.1 127.1   4.0 -73.0
1986 516.500    4729 A      0   30    0   30 0.860  83.9 127.9   4.0 -59.0
1986 517.500    4729 A      0   54    0   40 0.736  82.5 126.6   4.0 -47.0
1986 517.500    4730 A      0    6    0   10 0.953  84.0 101.6   5.0 -72.0
1986 518.500    4729 A      0   65    0   40 0.567  79.8 126.4   4.0 -34.0
1986 518.500    4730 A      0   10    0   10 0.860  84.1 101.4   4.0 -59.0
1986 519.500    4729 A      0   56    0   30 0.356  73.2 127.2   4.0 -20.0
1986 519.500    4730 A      0   13    0   10 0.737  81.3 100.2   5.0 -47.0
1986 519.500    4731 A      0   40    0   70 0.958  82.1  74.2   7.0 -73.0
1986 520.500    4729 A      0   39    0   20 0.146  45.4 128.0   4.0  -6.0
1986 520.500    4731 A      0   55    0   60 0.886  82.2  72.0   6.0 -62.0
1986 521.500    4729 A      0   19    0   10 0.186 302.8 129.7   4.0   9.0
1986 521.500    4729AA      0   19    0   10 0.174  11.5 118.7   8.0  -2.0
1986 521.500    4731 A      0   68    0   50 0.728  78.6  74.7   7.0 -46.0
1986 522.500    4729 A      0    0    0    0 0.386 284.5 129.5   4.0  22.0
1986 522.500    4729AA      0   19    0   10 0.253 311.6 118.5   8.0  11.0
1986 522.500    4731 A      0   67    0   40 0.532  74.0  76.5   7.0 -31.0
1986 523.500    4729 A      0   16    0   10 0.593 278.9 130.3   4.0  36.0
1986 523.500    4731 A      0   56    0   30 0.355  65.5  75.3   7.0 -19.0
1986 524.500    4729AA      0   15    0   10 0.627 283.0 119.0   7.0  38.0
1986 524.500    4731 A      0   78    0   40 0.170  30.5  76.0   7.0  -5.0
1986 525.500    4731 A      0  117    0   60 0.212 312.9  76.8   7.0   9.0
1986 526.500    4731 A      0  146    0   80 0.403 293.1  76.6   8.0  22.0
1986 526.500    4732 A      0   19    0   10 0.087  87.8  49.6  -1.0  -5.0
1986 527.500    4731 A      0   47    0   30 0.616 284.5  78.3   8.0  37.0
1986 527.500    4732 A      0   19    0   10 0.122 270.6  48.3  -1.0   7.0
1986 528.500    4731 A      0   37    0   30 0.784 281.0  79.1   8.0  51.0
1986 528.500    4732 A      0   18    0   10 0.407 272.2  52.1   0.0  24.0
1986 529.500    4731 A      0    7    0   10 0.923 279.0  81.9   8.0  67.0
1986 529.500    4732 A      0   31    0   20 0.616 271.1  52.9   0.0  38.0
1986 530.500    4731 A      0    3    0   10 0.988 278.2  82.6   8.0  81.0
1986 530.500    4732 A      0   12    0   10 0.799 269.3  54.6  -1.0  53.0
1986 531.500    4732 A      0   17    0   20 0.899 268.1  52.4  -2.0  64.0
1986 6 1.500    4732 A      0    4    0   10 0.974 268.1  52.2  -2.0  77.0
1986 6 8.500    4733 B      0   29    0   20 0.676 281.5 278.0   8.0  42.0
1986 620.500    4732AA      0    0    0    0 0.279   0.0  83.7  18.0   0.0
1986 621.500    4732AA      0   17    0   10 0.469 314.5  91.5  21.0  21.0
1986 7 3.500    4734 A      0   18    0   10 0.408 351.2 275.6  27.0   4.0
1986 7 4.500    4734 A      0   35    0   20 0.464 330.2 273.4  27.0  15.0
1986 7 5.500    4734 A      0   97    0   60 0.583 314.1 273.2  27.0  28.0
1986 7 5.500    4735 A      0    0    0   10 0.999  89.2 158.2   1.0 -87.0
1986 7 6.500    4734 A      0   96    0   70 0.725 304.6 273.9  27.0  42.0
1986 7 6.500    4735 A      0   30    0   50 0.951  91.2 159.9   0.0 -72.0
1986 7 7.500    4734 A      0   43    0   40 0.840 298.8 273.7  26.0  55.0
1986 7 7.500    4735 A      0  113    0  110 0.858  92.2 159.7   0.0 -59.0
1986 7 8.500    4734 A      0   53    0   70 0.925 296.6 272.5  26.0  67.0
1986 7 8.500    4735 A      0  138    0  100 0.721  93.6 159.5   0.0 -46.0
1986 7 9.500    4735 A      0  169    0  100 0.533  96.2 160.2   0.0 -32.0
1986 7 9.500    4736 A      0   17    0   10 0.515 277.1 223.2   7.0  31.0
1986 710.500    4735 A      0  132    0   70 0.332 101.4 160.0   0.0 -19.0
1986 710.500    4736 A      0  113    0   80 0.705 274.5 224.0   6.0  45.0
1986 711.500    4735 A      0  158    0   80 0.124 135.4 160.8  -1.0  -5.0
1986 711.500    4736 A      0   95    0   90 0.846 275.7 223.8   7.0  58.0
1986 712.500    4735 A      0  197    0  100 0.166 237.2 160.5  -1.0   8.0
1986 712.500    4736 A      0   50    0   80 0.949 276.0 224.5   7.0  72.0
1986 712.500    4737 A      0   28    0   20 0.706 270.1 197.5   3.0  45.0
1986 713.500    4735 A      0   91    0   50 0.397 260.0 162.3   0.0  23.0
1986 713.500    4736 A      0    9    0   60 0.997 276.7 225.3   7.0  86.0
1986 714.500    4735 A      0   64    0   40 0.593 262.3 162.1  -1.0  36.0
1986 715.500    4735 A      0   25    0   20 0.769 265.0 162.8  -1.0  50.0
1986 715.500    4737AA      0    0    0    0 0.168 124.2 104.8  -1.0  -8.0
1986 715.500    4738 A      0   18    0   40 0.973  84.9  35.8   6.0 -77.0
1986 716.500    4735 A      0    8    0   10 0.901 265.6 163.6  -2.0  64.0
1986 716.500    4738 A      0   27    0   30 0.889  85.6  36.6   6.0 -63.0
1986 717.500    4735 A      0    4    0   10 0.975 266.9 163.4  -2.0  77.0
1986 717.500    4738 A      0   25    0   20 0.775  84.8  35.4   7.0 -51.0
1986 717.500    4739 A      0   16    0   10 0.582 107.1  52.4  -6.0 -34.0
1986 718.500    4738 A      0   32    0   20 0.586  84.6  37.1   7.0 -36.0
1986 718.500    4739 A      0   18    0   10 0.378 115.8  53.1  -5.0 -20.0
1986 719.500    4738 A      0   37    0   20 0.358  83.1  38.9   7.0 -21.0
1986 720.500    4738 A      0   19    0   10 0.164  70.6  37.7   8.0  -9.0
1986 720.500    4740 A      0   20    0   20 0.854  84.8 347.7   7.0 -59.0
1986 721.500    4738 A      0   19    0   10 0.087 307.0  37.4   8.0   4.0
1986 721.500    4740 A      0   28    0   20 0.692  85.1 349.4   7.0 -44.0
1986 722.500    4738 A      0   38    0   20 0.262 281.8  35.2   8.0  15.0
1986 722.500    4740 A      0   17    0   10 0.514  83.0 349.2   8.0 -31.0
1986 723.500    4740 A      0   19    0   10 0.265  74.8 352.0   9.0 -15.0
1986 727.500    4741 A      0   31    0   90 0.985  79.8 233.1  11.0 -81.0
1986 728.500    4741 A      0   77    0  110 0.936  82.5 230.8   9.0 -70.0
1986 729.500    4741 A      0  182    0  170 0.844  84.1 229.6   8.0 -58.0
1986 730.500    4741 A      0  274    0  190 0.691  83.0 230.4   9.0 -44.0
1986 731.500    4741 A      0  274    0  160 0.513  82.2 230.1   9.0 -31.0
1986 8 1.500    4741 A      0  268    0  140 0.278  77.9 231.9   9.0 -16.0
1986 8 2.500    4741 A      0  259    0  130 0.063  33.0 232.7   9.0  -2.0
1986 8 3.500    4741 A      0  274    0  140 0.196 285.9 232.5   9.0  11.0
1986 8 4.500    4741 A      0  237    0  130 0.406 278.5 232.2   9.0  24.0
1986 8 5.500    4741 A      0  189    0  120 0.612 276.8 233.0   9.0  38.0
1986 8 6.500    4741 A      0  148    0  120 0.784 275.3 233.8   8.0  52.0
1986 8 7.500    4741 A      0   83    0  100 0.909 277.0 234.6   9.0  66.0
1986 8 8.500    4741 A      0   30    0   80 0.982 277.0 235.4   8.0  80.0
1986 8 9.500    4741 A      0   21    0   80 0.991 280.0 232.0   9.0  99.0
1986 816.500    4742 A      0    0    0    0 0.185 122.3  40.6   1.0  -9.0
1986 817.500    4742 A      0   19    0   10 0.114 207.4  39.4   1.0   3.0
1986 820.500    4743 A      0   15    0   10 0.620 117.6 322.7 -11.0 -34.0
1986 821.500    4743 A      0   35    0   20 0.441 130.2 323.5 -10.0 -20.0
1986 822.500    4743 A      0   37    0   20 0.330 158.8 323.3 -11.0  -7.0
1986 823.500    4743 A      0   18    0   10 0.331 201.2 324.1 -11.0   7.0
1986 823.500    4743AA      0    0    0    0 0.710  49.4 277.1  33.0 -40.0
1986 823.500    4744 A      0   23    0   60 0.980  86.3 238.1   5.0 -79.0
1986 824.500    4744 A      0   74    0   90 0.911  87.7 237.9   5.0 -66.0
1986 825.500    4744 A      0  113    0   90 0.774  89.3 239.7   5.0 -51.0
1986 826.500    4744 A      0  107    0   70 0.640  90.7 237.4   5.0 -40.0
1986 827.500    4744 A      0  142    0   80 0.453  93.0 237.2   5.0 -27.0
1986 828.500    4744 A      0  155    0   80 0.227  98.7 238.0   5.0 -13.0
1986 829.500    4744 A      0  159    0   80 0.020 180.0 237.8   6.0   0.0
1986 830.500    4744 A      0  155    0   80 0.247 257.9 238.6   4.0  14.0
1986 831.500    4744 A      0  124    0   70 0.453 266.9 238.4   5.0  27.0
1986 9 1.500    4744 A      0  107    0   70 0.640 269.2 238.2   5.0  40.0
1986 9 2.500    4744 A      0   60    0   50 0.796 270.8 238.0   5.0  53.0
1986 9 3.500    4744 A      0   57    0   70 0.911 272.2 237.8   5.0  66.0
1986 9 3.500    4744AA      0   18    0   10 0.368 103.0 150.8   2.0 -21.0
1986 9 4.500    4744 A      0   14    0   40 0.983 273.8 238.6   5.0  80.0
1986 9 6.500    4745 A      0   40    0   30 0.735  58.2  87.1  28.0 -45.0
1986 9 7.500    4745 A      0   80    0   50 0.597  51.6  86.9  28.0 -32.0
1986 9 8.500    4745 A      0   53    0   30 0.452  37.2  87.7  28.0 -18.0
1986 9 9.500    4745 A      0   18    0   10 0.339   5.3  90.5  27.0  -2.0
1986 910.500    4745 A      0   18    0   10 0.394 334.7  90.3  28.0  11.0
1986 914.500    4744BA      0    0    0    0 0.998 271.6 113.5   2.0  87.0
1986 929.500    4746 A      0   23    0   70 0.986  85.0 107.5   6.0 -81.0
1986 930.500    4746 A      0   53    0   70 0.924  85.2 107.3   7.0 -68.0
198610 1.500    4746 A      0   23    0   20 0.805  87.4 108.1   6.0 -54.0
198610 2.500    4746 A      0  106    0   70 0.652  85.4 107.9   8.0 -41.0
198610 2.500    4747 A      0   21    0   20 0.844  53.6  93.9  34.0 -55.0
198610 3.500    4746 A      0   89    0   50 0.451  85.2 108.7   8.0 -27.0
198610 3.500    4747 A      0   41    0   30 0.719  47.8  95.7  34.0 -40.0
198610 4.500    4746 A      0   57    0   30 0.258  83.3 107.5   8.0 -15.0
198610 4.500    4747 A      0   47    0   30 0.621  38.2  94.5  35.0 -28.0
198610 5.500    4746 A      0   19    0   10 0.032  32.2 108.3   8.0  -1.0
198610 5.500    4747 A      0   17    0   10 0.507  23.3  95.3  34.0 -14.0
198610 6.500    4746 A      0   19    0   10 0.241 273.4 110.2   7.0  14.0
198610 6.500    4747 A      0   35    0   20 0.465   3.6  94.2  34.0  -2.0
198610 6.500    4748 A      0    0    0    0 0.249 130.2  85.2  -3.0 -11.0
198610 7.500    4746 A      0   18    0   10 0.420 273.0 108.0   7.0  25.0
198610 7.500    4747 A      0   85    0   50 0.511 340.5  95.0  35.0  12.0
198610 7.500    4748 A      0   19    0   10 0.186 196.3  86.0  -4.0   3.0
198610 8.500    4747 A      0   97    0   60 0.581 324.5  93.8  34.0  24.0
198610 9.500    4746 A      0   12    0   10 0.762 276.6 106.6   9.0  50.0
198610 9.500    4747 A      0  270    0  190 0.702 315.4  93.6  35.0  37.0
198610 9.500    4748 A      0  197    0  110 0.443 252.6  81.6  -2.0  25.0
198610 9.500    4749 A      0   36    0   20 0.425 246.7  79.6  -4.0  23.0
19861010.500    4747 A      0   59    0   50 0.803 309.7  92.4  35.0  49.0
19861010.500    4748 A      0   15    0   10 0.656 258.2  83.4  -3.0  40.0
19861010.500    4749 A      0   16    0   10 0.593 254.7  78.4  -4.0  35.0
19861011.500    4747 A      0   51    0   60 0.903 306.0  93.2  35.0  63.0
19861011.500    4748 A      0   11    0   10 0.818 260.8  84.2  -4.0  54.0
19861011.500    4749 A      0   12    0   10 0.779 258.6  80.2  -5.0  50.0
19861012.500    4747 A      0   31    0   60 0.966 304.7  93.0  35.0  76.0
19861012.500    4748 A      0   17    0   30 0.959 265.1  90.0  -3.0  73.0
19861012.500    4749 A      0    7    0   10 0.918 263.0  83.0  -4.0  66.0
19861013.500    4747 A      0   10    0   60 0.996 304.7  91.8  35.0  88.0
19861013.500    4748 A      0   12    0  100 0.998 266.6  89.8  -3.0  86.0
19861013.500    4749 A      0    7    0   20 0.980 264.7  81.8  -4.0  78.0
19861016.500    4750 B      0    9    0   40 0.993  69.5 231.0  21.0 -85.0
19861017.500    4750 A      0   99    0  220 0.974  69.7 233.0  21.0 -78.0
19861018.500    4750 A      0  325    0  410 0.918  67.3 230.8  23.0 -67.0
19861019.500    4750 A      0  724    0  630 0.818  65.6 230.7  23.0 -54.0
19861020.500    4750 A      0  713    0  490 0.685  61.8 230.5  23.0 -41.0
19861020.500    4751 A      0   12    0   40 0.988 118.5 194.5 -27.0 -77.0
19861021.500    4750 A      0  651    0  380 0.515  54.8 231.3  22.0 -27.0
19861021.500    4751 A      0   63    0  100 0.948 120.8 192.3 -27.0 -66.0
19861021.500    4752 A      0    0    0    0 0.969 104.9 184.3 -13.0 -74.0
19861022.500    4750 A      0  721    0  390 0.380  35.8 231.1  23.0 -14.0
19861022.500    4751 A      0  138    0  140 0.870 125.1 192.1 -27.0 -53.0
19861022.500    4752 A      0   16    0   20 0.912 110.1 182.1 -16.0 -63.0
19861023.500    4750 A      0  418    0  220 0.309   6.0 229.9  23.0  -2.0
19861023.500    4751 A      0  153    0  120 0.769 131.8 191.9 -27.0 -40.0
19861023.500    4752 A      0   49    0   40 0.788 114.9 183.9 -16.0 -48.0
19861024.500    4750 A      0  351    0  190 0.378 329.9 230.7  24.0  12.0
19861024.500    4751 A      0  180    0  120 0.660 142.2 191.7 -27.0 -27.0
19861024.500    4752 A      0  106    0   70 0.649 121.9 183.7 -16.0 -35.0
19861024.500    4753 A      0    0    0    0 0.995 112.7 136.7 -22.0 -82.0
19861025.500    4750 A      0  221    0  130 0.522 309.9 231.5  24.0  26.0
19861025.500    4751 A      0  131    0   80 0.574 156.3 190.5 -27.0 -15.0
19861025.500    4752 A      0   70    0   40 0.482 134.1 184.5 -15.0 -21.0
19861025.500    4753 A      0    6    0   10 0.951 116.1 137.5 -23.0 -68.0
19861026.500    4750 A      0  255    0  170 0.660 301.5 230.3  24.0  38.0
19861026.500    4751 A      0  135    0   80 0.527 180.0 192.3 -27.0   0.0
19861026.500    4752 A      0   37    0   20 0.349 166.0 187.3 -15.0  -5.0
19861026.500    4753 A      0    9    0   10 0.872 117.4 136.3 -21.0 -56.0
19861027.500    4750 A      0  157    0  130 0.795 296.8 230.2  24.0  51.0
19861027.500    4751 A      0  132    0   80 0.556 199.5 191.2 -27.0  12.0
19861027.500    4752 A      0   37    0   20 0.362 201.8 187.2 -15.0   8.0
19861027.500    4753 A      0   12    0   10 0.773 123.6 135.2 -22.0 -44.0
19861027.500    4754 A      0   71    0  190 0.982  90.9 100.2   0.0 -79.0
19861028.500    4750 A      0  215    0  250 0.902 294.4 230.0  24.0  64.0
19861028.500    4751 A      0  121    0   80 0.650 215.0 191.0 -28.0  25.0
19861028.500    4752 A      0   17    0   10 0.490 227.6 188.0 -15.0  22.0
19861028.500    4753 A      0   16    0   10 0.600 135.0 139.0 -21.0 -27.0
19861028.500    4754 A      0  175    0  210 0.908  93.2 101.0  -1.0 -65.0
19861029.500    4750 A      0  150    0  280 0.963 293.7 227.8  24.0  75.0
19861029.500    4751 A      0   66    0   50 0.748 227.2 190.8 -27.0  38.0
19861029.500    4752 A      0   31    0   20 0.628 239.3 186.8 -15.0  34.0
19861029.500    4753 A      0   52    0   30 0.478 153.9 139.8 -21.0 -13.0
19861029.500    4754 A      0  343    0  280 0.790  93.5 100.8   0.0 -52.0
19861030.500    4750 A      0   19    0  220 0.999 293.9 228.6  24.0  89.0
19861030.500    4751 A      0   39    0   40 0.873 235.6 193.6 -27.0  54.0
19861030.500    4752 A      0   24    0   20 0.785 245.6 187.6 -16.0  48.0
19861030.500    4753 A      0   17    0   10 0.462 176.0 137.6 -23.0  -2.0
19861030.500    4754 A      0  382    0  240 0.605  95.8 102.6   0.0 -37.0
19861030.500    4755 A      0   36    0   30 0.788  90.9  87.6   2.0 -52.0
19861031.500    4751 A      0   24    0   40 0.950 239.7 193.4 -27.0  67.0
19861031.500    4754 A      0  437    0  240 0.413  99.6 102.4   0.0 -24.0
19861031.500    4755 A      0  204    0  130 0.617  93.9  88.4   1.0 -38.0
198611 1.500    4751 A      0    2    0   10 0.992 243.1 193.2 -26.0  80.0
198611 1.500    4753 A      0   16    0   10 0.547 219.7 135.2 -21.0  22.0
198611 1.500    4754 A      0  469    0  240 0.204 110.7 102.2   0.0 -11.0
198611 1.500    4755 A      0  312    0  170 0.394  97.3  90.2   1.0 -23.0
198611 2.500    4754 A      0  438    0  220 0.089 216.1 103.0   0.0   3.0
198611 2.500    4755 A      0  236    0  120 0.177 101.7  90.0   2.0 -10.0
198611 3.500    4753 A      0   12    0   10 0.765 235.2 129.8 -23.0  43.0
198611 3.500    4754 A      0  286    0  150 0.300 257.1 103.8   0.0  17.0
198611 3.500    4755 A      0  119    0   60 0.063 236.2  89.8   2.0   3.0
198611 4.500    4753 A      0    9    0   10 0.873 240.9 129.7 -23.0  56.0
198611 4.500    4754 A      0  172    0  100 0.506 261.3 103.7  -1.0  30.0
198611 4.500    4755 A      0  134    0   70 0.280 260.1  89.7   1.0  16.0
198611 5.500    4754 A      0  131    0   90 0.685 264.5 103.5  -1.0  43.0
198611 5.500    4755 A      0  157    0   90 0.485 267.3  89.5   2.0  29.0
198611 6.500    4754 A      0   40    0   40 0.859 266.6 106.3  -1.0  59.0
198611 6.500    4755 A      0  148    0  100 0.669 268.9  89.3   2.0  42.0
198611 7.500    4754 A      0   24    0   40 0.952 266.7 106.1  -2.0  72.0
198611 7.500    4755 A      0   98    0   90 0.838 270.1  91.1   2.0  57.0
198611 8.500    4754 A      0    0    0   10 0.999 268.9 108.9  -1.0  88.0
198611 8.500    4755 A      0   19    0   30 0.945 269.9  91.9   1.0  71.0
198611 9.500    4755 A      0    5    0   20 0.992 270.6  90.7   1.0  83.0
19861110.500    4755AA      0   11    0   10 0.802 226.8  37.6 -31.0  43.0
19861114.500    4757 A      0   10    0   30 0.984  67.1 221.8  23.0 -80.0
19861115.500    4757 A      0   50    0   70 0.932  66.3 220.6  23.0 -68.0
19861116.500    4757 A      0   43    0   40 0.839  64.1 220.5  23.0 -55.0
19861117.500    4757 A      0   55    0   40 0.719  58.3 220.3  24.0 -42.0
19861118.500    4757 A      0   32    0   20 0.572  51.3 220.1  23.0 -29.0
19861119.500    4757 A      0   35    0   20 0.450  34.0 219.9  24.0 -16.0
19861120.500    4748 A      0    0    0    0 0.469 330.2 237.7  26.0  15.0
19861120.500    4757 A      0   18    0   10 0.377   7.3 219.7  24.0  -3.0
19861120.500    4758 A      0   17    0   10 0.469 330.2 237.7  26.0  15.0
19861121.500    4748 A      0   16    0   10 0.581 312.9 237.5  25.0  28.0
19861121.500    4757 A      0   18    0   10 0.408 337.1 219.5  24.0  10.0
19861121.500    4758 A      0   16    0   10 0.589 314.3 237.5  26.0  28.0
19861122.500    4758 A      0   13    0   10 0.737 303.0 239.4  25.0  43.0
19861123.500    4758 A      0   21    0   20 0.846 302.4 237.2  28.0  54.0
19861123.500    4759 A      0    7    0   10 0.932 240.1 248.2 -27.0  65.0
19861124.500    4759 A      0    3    0   10 0.988 242.3 249.0 -27.0  79.0
19861125.500    4759 A      0    2    0   10 0.991 241.9 248.0 -28.0  98.0
198612 9.500    4760 A      0   25    0   20 0.774  55.2 287.3  26.0 -45.0
19861210.500    4760 A      0   46    0   30 0.642  46.2 288.1  26.0 -31.0
19861210.500    4761 A      0    4    0   10 0.973 118.7 244.1 -28.0 -75.0
19861211.500    4760 A      0   33    0   20 0.546  32.1 287.0  27.0 -19.0
19861211.500    4761 A      0   16    0   20 0.908 120.8 244.0 -28.0 -62.0
19861212.500    4760 A      0   17    0   10 0.496  14.3 284.8  28.0  -8.0
19861212.500    4761 A      0   11    0   10 0.823 125.5 242.8 -29.0 -50.0
19861213.500    4760 A      0   17    0   10 0.486 352.7 283.6  28.0   4.0
19861213.500    4761 A      0   14    0   10 0.709 132.0 242.6 -29.0 -37.0
19861214.500    4760 A      0   16    0   10 0.555 330.6 284.4  28.0  18.0
19861214.500    4761 A      0   16    0   10 0.589 140.7 241.4 -28.0 -25.0
19861217.500    4761 A      0   16    0   10 0.531 201.3 239.9 -31.0  13.0
19861221.500    4762 A      0   30    0   20 0.661 128.8 139.2 -26.0 -35.0
19861222.500    4762 A      0   84    0   50 0.539 139.4 138.1 -26.0 -23.0
19861223.500    4762 A      0   54    0   30 0.435 159.0 137.9 -26.0 -10.0
19861224.500    4762 A      0   18    0   10 0.420 184.2 136.7 -27.0   2.0
19861225.500    4762 A      0   17    0   10 0.470 207.3 135.5 -27.0  14.0
19861225.500    4762AA      0   19    0   10 0.042  56.0 119.5  -1.0  -2.0
19861231.500    4762BA      0   16    0   10 0.552  72.4  10.5   7.0 -32.0
