1996 1 1.500    7935 B      0   19    0   10 0.265 337.2 205.0  11.0   6.0
1996 1 1.500    7937 A      0    0    0    0 0.755  99.2 150.0  -9.0 -49.0
1996 1 2.500    7934 A      0    0    0    0 0.865 262.6 245.0  -8.0  60.0
1996 1 2.500    7935 A      0    0    0    0 0.352 313.9 200.0  11.0  15.0
1996 1 2.500    7937 A      0    0    0    0 0.576  99.3 150.0  -8.0 -35.0
1996 1 3.500    7938 B      0  204    0  110 0.365 316.1 187.0  12.0  15.0
1996 1 4.500    7938 B      0  325    0  190 0.515 300.4 186.0  12.0  27.0
1996 1 4.500    7939 B      0   59    0   30 0.167  38.8 153.0   4.0  -6.0
1996 1 5.500    7938 B      0  390    0  270 0.690 291.6 187.0  12.0  41.0
1996 1 5.500    7939 B      0  275    0  140 0.180 309.4 154.0   3.0   8.0
1996 1 6.500    7938 B      0  302    0  270 0.828 287.2 187.0  12.0  54.0
1996 1 6.500    7939 B      0  222    0  120 0.375 287.4 154.0   3.0  21.0
1996 1 7.500    7938 B      0   77    0  110 0.936 284.3 187.0  12.0  68.0
1996 1 7.500    7939 B      0  181    0  110 0.566 279.1 153.0   2.0  34.0
1996 1 8.500    7938 B      0   15    0   80 0.995 283.5 189.0  13.0  83.0
1996 1 8.500    7939 B      0  119    0   90 0.749 277.5 154.0   3.0  48.0
1996 1 8.500    7940 B      0   18    0   10 0.416 301.8 127.0   9.0  21.0
1996 1 9.500    7939 B      0   46    0   50 0.886 275.5 155.0   3.0  62.0
1996 1 9.500    7940 A      0    0    0    0 0.610 292.1 128.0  10.0  35.0
1996 110.500    7939 B      0    0    0    0 0.971 273.1 156.0   2.0  76.0
1996 117.500    7941 A      0    0    0    0 0.193 101.7 337.0  -7.0 -11.0
1996 121.500    7942 B      0   18    0   10 0.431 281.0 320.0   0.0  25.0
1996 122.500    7942 B      0    0    0    0 0.620 276.7 320.0   0.0  38.0
1996 124.500    7943 A      0    0    0    0 0.906  74.0 193.0  12.0 -63.0
1996 125.500    7943 A      0    0    0    0 0.806  70.7 191.0  12.0 -51.0
1996 126.500    7943 A      0    0    0    0 0.648  65.7 192.0  11.0 -37.0
1996 127.500    7943 A      0    0    0    0 0.475  53.9 193.0  11.0 -23.0
1996 128.500    7943 A      0    0    0    0 0.334  30.7 193.0  11.0 -10.0
1996 129.500    7943 A      0    0    0    0 0.298 346.7 194.0  11.0   4.0
1996 130.500    7943 A      0    0    0    0 0.395 313.2 194.0  10.0  17.0
1996 130.500    7944 B      0   14    0   10 0.697 288.0 219.0   8.0  42.0
1996 131.500    7944 B      0   30    0   30 0.862 283.0 221.0   8.0  58.0
1996 2 1.500    7944 B      0   51    0   80 0.947 280.6 220.0   8.0  70.0
1996 2 2.500    7944 B      0    3    0   30 0.998 279.5 222.0   9.0  85.0
1996 215.500    7945 A      0    0    0    0 0.239 338.7 331.0   6.0   5.0
1996 219.500    7946 B      0    0    0    0 0.954  78.2 202.0   9.0 -71.0
1996 220.500    7946 B      0   20    0   20 0.857  75.0 203.0   9.0 -57.0
1996 221.500    7946 B      0   27    0   20 0.724  71.8 203.0   8.0 -44.0
1996 221.500    7947 A      0    0    0    0 0.654 256.8 288.0 -14.0  41.0
1996 222.500    7946 B      0   16    0   10 0.552  63.8 204.0   8.0 -30.0
1996 222.500    7947 B      0   11    0   10 0.823 259.1 290.0 -13.0  56.0
1996 223.500    7946 A      0   18    0   10 0.419  46.5 203.0  10.0 -18.0
1996 224.500    7946 A      0    0    0    0 0.328   0.0 207.0  12.0   0.0
1996 224.500    7948 B      0   68    0   40 0.521 300.6 234.0   9.0  27.0
1996 225.500    7946 A      0    0    0    0 0.411 322.0 209.0  12.0  15.0
1996 225.500    7948 B      0   87    0   60 0.682 291.5 234.0   9.0  40.0
1996 226.500    7946 A      0    0    0    0 0.530 309.0 206.0  13.0  25.0
1996 226.500    7948 B      0   44    0   40 0.833 287.1 235.0  10.0  54.0
1996 227.500    7948 B      0    7    0   10 0.933 283.7 235.0  10.0  67.0
1996 228.500    7949 A      0    0    0    0 0.108 127.8 150.0 -11.0  -5.0
1996 229.500    7946 A      0    0    0    0 0.817 283.9 195.0   7.0  53.0
1996 229.500    7949 B      0   39    0   20 0.146 234.8 149.0 -12.0   7.0
1996 3 6.500    7950 A      0    8    0   10 0.912 283.3 127.0   9.0  64.0
1996 3 6.500    7951 B      0   19    0   10 0.098  20.9  61.0  -2.0  -2.0
1996 311.500    7952 B      0   47    0   30 0.603  85.4 320.0  -3.0 -37.0
1996 312.500    7952 B      0  147    0   80 0.380  80.3 321.0  -3.0 -22.0
1996 313.500    7952 B      0  157    0   80 0.165  71.0 321.0  -4.0  -9.0
1996 314.500    7952 B      0  119    0   60 0.088 308.1 321.0  -4.0   4.0
1996 315.500    7952 B      0  116    0   60 0.240 269.7 318.0  -7.0  14.0
1996 316.500    7952 B      0   67    0   40 0.530 273.8 323.0  -4.0  32.0
1996 317.500    7952 A      0   26    0   20 0.741 271.0 326.0  -4.0  48.0
1996 318.500    7952 A      0    0    0    0 0.872 268.2 325.0  -5.0  61.0
1996 319.500    7952 A      0    5    0   10 0.960 267.9 325.0  -4.0  74.0
1996 321.500    7953 B      0   17    0   10 0.465  60.3 201.0   7.0 -24.0
1996 322.500    7953 BG     0  114    0   60 0.308  33.9 202.0   8.0 -10.0
1996 323.500    7953 BG     0  213    0  110 0.242 351.8 200.0   7.0   2.0
1996 324.500    7953 B      0  185    0  100 0.373 308.9 202.0   7.0  17.0
1996 325.500    7953 B      0  151    0   90 0.544 294.2 202.0   7.0  30.0
1996 326.500    7953 B      0  114    0   80 0.696 287.4 201.0   7.0  42.0
1996 326.500    7954 B      0   71    0   40 0.445 288.5 184.0   2.0  25.0
1996 327.500    7953 B      0   71    0   70 0.861 282.2 204.0   7.0  58.0
1996 327.500    7954 B      0   46    0   30 0.638 279.7 185.0   1.0  39.0
1996 328.500    7953 A      0   34    0   60 0.958 280.4 205.0   8.0  72.0
1996 328.500    7954 B      0   11    0   10 0.802 275.0 186.0   0.0  53.0
1996 329.500    7953 A      0    3    0   30 0.998 278.5 204.0   8.0  85.0
1996 329.500    7954 A      0    0    0    0 0.909 274.2 184.0   1.0  65.0
1996 4 1.500    7955 B      0   14    0   10 0.691 279.7 123.0   2.0  43.0
1996 4 2.500    7955 B      0   11    0   10 0.833 275.5 123.0   1.0  56.0
1996 4 3.500    7955 B      0   13    0   20 0.940 272.3 123.0   0.0  70.0
1996 4 4.500    7955 A      0    2    0   10 0.993 271.8 123.0   1.0  83.0
1996 412.500    7956 B      0   15    0   10 0.609  68.9 260.0   8.0 -35.0
1996 413.500    7956 B      0   18    0   10 0.406  61.3 260.0   6.0 -21.0
1996 416.500    7956 A      0    0    0    0 0.412 300.3 263.0   7.0  21.0
1996 417.500    7956 B      0   15    0   10 0.607 285.4 265.0   5.0  36.0
1996 418.500    7956 B      0   12    0   10 0.777 280.8 265.0   5.0  50.0
1996 418.500    7957 B      0   13    0   10 0.752 261.3 264.0 -10.0  49.0
1996 419.500    7956 A      0    0    0    0 0.888 277.2 264.0   4.0  62.0
1996 419.500    7957 B      0   18    0   20 0.888 262.5 265.0  -9.0  63.0
1996 420.500    7957 A      0    0    0    0 0.983 261.8 269.0  -9.0  80.0
1996 420.500    7958 B      0   46    0   40 0.816 265.0 244.0  -7.0  55.0
1996 421.500    7958 B      0   97    0  140 0.937 264.4 246.0  -7.0  70.0
1996 422.500    7958 B      0   41    0  140 0.989 264.6 245.0  -6.0  82.0
1996 423.500    7958 A      0    2    0   30 0.999 261.8 242.0  -8.0  93.0
1996 424.500    7959 A      0    0    0    0 0.849 281.2 193.0   7.0  57.0
1996 428.500    7960 B      0   15    0   10 0.614  77.9  46.0   4.0 -37.0
1996 5 5.500    7961 A      0    0    0    0 0.336  37.3 339.0  12.0 -12.0
1996 5 6.500    7961 B      0   19    0   10 0.285 353.2 340.0  13.0   2.0
1996 5 6.500    7962 A      0   18    0   40 0.974  93.3 261.0  -4.0 -77.0
1996 5 7.500    7961 A      0    0    0    0 0.394 326.7 340.0  16.0  13.0
1996 5 7.500    7962 B      0   86    0  110 0.919  94.0 259.0  -5.0 -67.0
1996 5 8.500    7962 B      0  144    0  120 0.798  96.3 259.0  -7.0 -53.0
1996 5 9.500    7962 B      0  199    0  130 0.643  97.2 258.0  -7.0 -40.0
1996 510.500    7962 BD     0  211    0  120 0.471  97.1 257.0  -6.0 -28.0
1996 510.500    7963 B      0   12    0   10 0.760  53.0 243.0  25.0 -42.0
1996 511.500    7962 BG     0  271    0  140 0.251 106.9 257.0  -7.0 -14.0
1996 511.500    7963 A      0    0    0    0 0.610  40.6 245.0  25.0 -26.0
1996 511.500    7964 A      0    0    0    0 0.442 100.0 245.0  -7.0 -26.0
1996 512.500    7962 B      0  219    0  110 0.075 193.3 259.0  -7.0   1.0
1996 512.500    7964 A      0    0    0    0 0.247 103.4 244.0  -6.0 -14.0
1996 513.500    7962 B      0  192    0  100 0.264 257.0 260.0  -6.0  15.0
1996 513.500    7964 A      0    0    0    0 0.075 180.0 245.0  -7.0   0.0
1996 514.500    7962 B      0  157    0   90 0.487 262.3 261.0  -6.0  29.0
1996 514.500    7964 A      0    0    0    0 0.243 246.7 245.0  -8.0  13.0
1996 515.500    7962 A      0   43    0   30 0.682 263.8 261.0  -6.0  43.0
1996 515.500    7964 A      0    0    0    0 0.458 259.4 245.0  -7.0  27.0
1996 516.500    7962 A      0   33    0   30 0.828 265.5 261.0  -5.0  56.0
1996 517.500    7962 A      0   13    0   20 0.939 264.4 262.0  -6.0  70.0
1996 522.500    7965 A      0    0    0    0 0.865 134.1  74.0 -38.0 -52.0
1996 522.500    7966 B      0    0    0    0 0.868 101.7  53.0 -11.0 -60.0
1996 6 1.500    7967 A      0    0    0    0 0.688  32.7 327.0  35.0 -27.0
1996 6 2.500    7967 A      0    0    0    0 0.607  17.7 327.0  35.0 -13.0
1996 6 3.500    7968 A      0    0    0    0 0.657  86.7 286.0   2.0 -41.0
1996 6 4.500    7968 B      0   17    0   10 0.471  85.6 286.0   2.0 -28.0
1996 6 4.500    7969 A      0    0    0    0 0.561 286.3 347.0   9.0  33.0
1996 6 5.500    7968 B      0   39    0   20 0.214  76.1 289.0   3.0 -12.0
1996 6 5.500    7969 B      0   14    0   10 0.702 281.4 345.0   8.0  44.0
1996 6 6.500    7968 B      0   99    0   50 0.052 340.6 288.0   3.0   1.0
1996 6 6.500    7970 B      0    4    0   10 0.979 260.8   5.0  -9.0  78.0
1996 6 7.500    7968 B      0  154    0   80 0.260 276.6 289.0   2.0  15.0
1996 6 8.500    7968 B      0  157    0   90 0.486 275.4 290.0   3.0  29.0
1996 6 9.500    7968 B      0  133    0   90 0.669 272.4 290.0   2.0  42.0
1996 6 9.500    7971 B      0   19    0   10 0.288 243.0 263.0  -7.0  15.0
1996 610.500    7968 B      0   67    0   60 0.829 272.0 290.0   2.0  56.0
1996 611.500    7968 A      0   27    0   40 0.940 272.9 291.0   3.0  70.0
1996 612.500    7968 A      0    0    0    0 0.998 272.9 294.0   3.0  86.0
1996 618.500    7972 B      0    0    0    0 0.573  38.8 105.0  28.0 -24.0
1996 619.500    7972 B      0   17    0   10 0.464  17.3 106.0  28.0  -9.0
1996 619.500    7973 B      0   47    0   70 0.940  81.0  45.0   9.0 -70.0
1996 620.500    7972 A      0    0    0    0 0.428 353.7 105.0  27.0   3.0
1996 620.500    7973 A      0  102    0  100 0.859  79.4  43.0  10.0 -59.0
1996 621.500    7972 A      0    0    0    0 0.503 331.1 105.0  28.0  16.0
1996 621.500    7973 A      0  126    0   90 0.714  76.5  44.0  11.0 -45.0
1996 621.500    7974 A      0    0    0    0 0.299  65.5  73.0   9.0 -16.0
1996 622.500    7973 A      0  151    0   90 0.541  74.6  44.0  10.0 -32.0
1996 622.500    7975 A      0    8    0   10 0.906  83.2  11.0   7.0 -65.0
1996 623.500    7973 A      0  188    0  100 0.334  65.6  44.0  10.0 -18.0
1996 623.500    7976 B      0    9    0   10 0.892  77.6 359.0  12.0 -63.0
1996 624.500    7973 A      0  138    0   70 0.145  36.4  44.0   9.0  -5.0
1996 624.500    7976 A      0   36    0   30 0.794  75.3 357.0  13.0 -52.0
1996 625.500    7973 A      0  157    0   80 0.179 317.8  43.0  10.0   7.0
1996 625.500    7976 A      0   15    0   10 0.630  72.2 358.0  13.0 -38.0
1996 626.500    7973 A      0  129    0   70 0.372 288.1  44.0   9.0  21.0
1996 626.500    7976 A      0   17    0   10 0.452  65.7 358.0  13.0 -25.0
1996 627.500    7973 A      0  114    0   70 0.577 280.2  44.0   8.0  35.0
1996 627.500    7976 A      0   38    0   20 0.259  45.8 358.0  13.0 -11.0
1996 628.500    7973 A      0  374    0  280 0.744 278.3  44.0   8.0  48.0
1996 628.500    7976 A      0   78    0   40 0.181 349.2 358.0  13.0   2.0
1996 629.500    7973 A      0   65    0   70 0.882 278.7  45.0   9.0  62.0
1996 629.500    7976 A      0   19    0   10 0.233 319.2 352.0  13.0   9.0
1996 630.500    7973 A      0   34    0   70 0.969 275.4  46.0   6.0  76.0
1996 630.500    7976 A      0   17    0   10 0.502 289.0 359.0  12.0  29.0
1996 7 1.500    7973 A      0    0    0   50 1.000 277.9  45.0   8.0  89.0
1996 7 2.500    7977 B      0   19    0   10 0.275  86.6 287.0   4.0 -16.0
1996 7 3.500    7977 B      0   19    0   10 0.035 261.6 292.0   3.0   2.0
1996 7 4.500    7978 B      0   17    0   10 0.520 117.7 249.0 -11.0 -28.0
1996 7 5.500    7978 B      0   18    0   10 0.334 130.0 249.0  -9.0 -15.0
1996 7 7.500    7978 B      0   57    0   30 0.302 218.5 248.0 -10.0  11.0
1996 7 8.500    7978 BGD    0  443    0  250 0.463 239.8 248.0 -10.0  24.0
1996 7 9.500    7978 BGD    0  609    0  400 0.647 249.5 249.0 -10.0  38.0
1996 710.500    7978 BGD    0  506    0  420 0.798 253.0 248.0 -11.0  51.0
1996 711.500    7978 BG     0  312    0  390 0.916 256.1 249.0 -11.0  65.0
1996 712.500    7978 B      0  133    0  300 0.975 256.7 247.0 -12.0  76.0
1996 713.500    7978 A      0    0    0   20 1.000 260.0 247.0 -10.0  89.0
1996 719.500    7979 A      0   11    0   10 0.818 138.3  37.0 -34.0 -41.0
1996 726.500    7980 A      0    0    0    0 0.086 336.5 348.0  10.0   2.0
1996 727.500    7981 B      0  113    0  200 0.959 103.2 260.0 -11.0 -72.0
1996 728.500    7981 B      0  321    0  340 0.881 104.5 259.0 -10.0 -60.0
1996 729.500    7981 BG     0  468    0  360 0.759 108.4 259.0 -10.0 -47.0
1996 730.500    7981 BG     0  643    0  400 0.594 115.5 260.0 -10.0 -33.0
1996 731.500    7981 BG     0  733    0  410 0.446 123.9 258.0  -9.0 -22.0
1996 8 1.500    7981 BG     0  572    0  300 0.299 148.9 257.0  -9.0  -9.0
1996 8 2.500    7981 BG     0  615    0  320 0.272 198.4 258.0  -9.0   5.0
1996 8 3.500    7981 BG     0  529    0  290 0.410 231.7 259.0  -9.0  19.0
1996 8 4.500    7981 BG     0  354    0  220 0.591 245.6 260.0  -9.0  33.0
1996 8 5.500    7981 B      0  292    0  220 0.747 252.1 259.0  -9.0  46.0
1996 8 6.500    7981 B      0  131    0  140 0.882 255.1 260.0 -10.0  60.0
1996 8 7.500    7981 A      0   69    0  130 0.964 256.7 260.0 -11.0  73.0
1996 8 7.500    7982 B      0   18    0   10 0.378  76.3 165.0  11.0 -22.0
1996 8 8.500    7981 A      0    0    0  120 1.000 259.0 263.0 -11.0  89.0
1996 8 8.500    7982 B      0    0    0    0 0.162  73.0 165.0   9.0  -9.0
1996 8 9.500    7982 B      0   39    0   20 0.121 301.5 167.0  10.0   6.0
1996 810.500    7982 B      0   56    0   30 0.342 278.5 167.0   9.0  20.0
1996 810.500    7983 A      0   18    0   10 0.393  31.0 134.0  26.0 -13.0
1996 811.500    7982 B      0  149    0   90 0.556 276.4 168.0   9.0  34.0
1996 812.500    7982 B      0  109    0   80 0.727 277.6 168.0  10.0  47.0
1996 813.500    7982 B      0   50    0   50 0.861 276.6 168.0   9.0  60.0
1996 814.500    7982 B      0    5    0   10 0.962 277.5 169.0   9.0  75.0
1996 814.500    7984 B      0   16    0   10 0.527  40.0  71.0  30.0 -23.0
1996 815.500    7982 A      0    0    0    0 1.000 277.9 171.0   8.0  90.0
1996 815.500    7984 B      0   36    0   20 0.410  21.8  71.0  29.0 -10.0
1996 816.500    7984 B      0   36    0   20 0.386 348.6  73.0  29.0   5.0
1996 817.500    7984 B      0   35    0   20 0.460 326.2  72.0  29.0  17.0
1996 818.500    7984 B      0   16    0   10 0.558 312.0  70.0  28.0  28.0
1996 819.500    7985 A      0   19    0   10 0.245 283.6  42.0  10.0  14.0
1996 820.500    7985 B      0   17    0   10 0.482 278.2  44.0  10.0  29.0
1996 821.500    7985 A      0    0    0    0 0.677 277.2  45.0  10.0  43.0
1996 822.500    7985 B      0   23    0   20 0.813 277.3  44.0  10.0  55.0
1996 823.500    7985 B      0   14    0   20 0.928 280.1  44.0  12.0  69.0
1996 823.500    7986 A      0   15    0   50 0.988 104.4 256.0 -13.0 -79.0
1996 824.500    7985 A      0    2    0   10 0.990 279.2  45.0  10.0  83.0
1996 824.500    7986 A      0   71    0   90 0.917 106.4 258.0 -12.0 -64.0
1996 825.500    7986 BD     0  108    0  100 0.839 109.3 255.0 -12.0 -54.0
1996 826.500    7986 B      0  177    0  130 0.729 113.8 253.0 -12.0 -43.0
1996 827.500    7986 A      0  102    0   60 0.521 127.4 258.0 -12.0 -25.0
1996 828.500    7986 A      0   92    0   50 0.384 148.0 257.0 -12.0 -12.0
1996 829.500    7986 B      0  188    0  100 0.328 180.0 256.0 -12.0   0.0
1996 830.500    7986 B      0  111    0   60 0.376 209.8 254.0 -12.0  11.0
1996 831.500    7986 B      0   83    0   50 0.553 233.1 257.0 -13.0  27.0
1996 831.500    7987 B      0    0    0    0 0.720  71.9 184.0  18.0 -46.0
1996 9 1.500    7986 A      0   41    0   30 0.730 246.1 260.0 -12.0  43.0
1996 9 2.500    7986 A      0   31    0   30 0.856 251.3 259.0 -12.0  56.0
1996 9 3.500    7986 A      0   12    0   20 0.951 255.9 260.0 -11.0  70.0
1996 9 4.500    7986 A      0    0    0    0 0.991 258.9 258.0 -10.0  81.0
1996 9 7.500    7988 B      0   33    0   20 0.548 178.4 136.0 -26.0  -1.0
1996 9 8.500    7988 B      0   16    0   10 0.568 201.0 137.0 -25.0  13.0
1996 912.500    7989 A      0    0    0    0 0.415  26.0  59.0  29.0 -12.0
19961020.500    7990 A      0    0    0    0 0.459  67.3 264.0  15.0 -26.0
19961025.500    7991 B      0   17    0   10 0.461  16.9 215.0  31.0  -9.0
19961026.500    7991 B      0    0    0    0 0.433 350.0 216.0  30.0   5.0
19961026.500    7992 B      0   33    0   20 0.557 238.0 240.0 -13.0  29.0
19961027.500    7992 A      0   14    0   10 0.709 243.4 239.0 -15.0  41.0
199611 9.500    7993 A      0    0    0    0 0.907  92.6 321.0  -1.0 -65.0
19961110.500    7993 A      0    0    0    0 0.780  95.2 322.0  -2.0 -51.0
19961110.500    7994 A      0   16    0   10 0.590 115.4 340.0 -12.0 -33.0
19961111.500    7993 B      0   15    0   10 0.620  97.2 322.0  -2.0 -38.0
19961111.500    7994 A      0   18    0   10 0.400 127.0 341.0 -11.0 -19.0
19961112.500    7995 B      0   28    0   30 0.882  89.3 285.0   2.0 -62.0
19961113.500    7995 B      0   26    0   20 0.755  91.2 284.0   1.0 -49.0
19961114.500    7995 A      0   16    0   10 0.561  94.1 286.0   0.0 -34.0
19961114.500    7996 A      0    0    0    0 0.669  42.2 288.0  32.0 -32.0
19961115.500    7995 A      0   18    0   10 0.328  97.6 288.0   0.0 -19.0
19961115.500    7996 B      0   16    0   10 0.572  30.5 287.0  32.0 -20.0
19961116.500    7995 A      0   19    0   10 0.097 116.5 289.0   0.0  -5.0
19961116.500    7996 A      0   17    0   10 0.483   8.9 289.0  31.0  -5.0
19961116.500    7997 B      0   12    0   10 0.767  81.7 244.0   8.0 -50.0
19961116.500    7998 A      0   13    0   10 0.749 111.2 248.0 -14.0 -46.0
19961117.500    7995 A      0   19    0   10 0.145 253.5 289.0   0.0   8.0
19961117.500    7997 B      0   16    0   10 0.592  79.7 245.0   8.0 -36.0
19961117.500    7998 A      0    0    0    0 0.590 119.8 249.0 -15.0 -32.0
19961118.500    7995 B      0    0    0    0 0.378 261.8 290.0  -1.0  22.0
19961118.500    7997 A      0   18    0   10 0.385  74.5 246.0   8.0 -22.0
19961119.500    7997 B      0   19    0   10 0.158  49.7 247.0   8.0  -7.0
19961120.500    7997 A      0    0    0    0 0.160 310.9 248.0   8.0   7.0
19961121.500    7997 A      0    0    0    0 0.340 288.5 247.0   8.0  19.0
19961121.500    7999 B      0   19    0   20 0.877  95.6 167.0  -4.0 -61.0
19961122.500    7997 B      0   71    0   40 0.441 277.7 240.0   5.0  26.0
19961122.500    7999 B      0  108    0   80 0.735  97.1 167.0  -4.0 -47.0
19961123.500    7997 B      0  260    0  170 0.644 275.8 242.0   5.0  40.0
19961123.500    7999 B      0  283    0  170 0.551  99.8 169.0  -4.0 -33.0
19961124.500    7997 B      0  223    0  190 0.809 275.1 242.0   5.0  54.0
19961124.500    7999 B      0  621    0  330 0.338 106.3 169.0  -4.0 -19.0
19961125.500    7997 B      0  151    0  210 0.933 274.8 244.0   5.0  69.0
19961125.500    7999 B      0 1742    0  880 0.140 132.0 169.0  -4.0  -6.0
19961125.500    8000 B      0   20    0   20 0.861 252.8 233.0 -14.0  58.0
19961126.500    7997 B      0   39    0  140 0.990 274.9 244.0   5.0  82.0
19961126.500    7999 B      0 1558    0  790 0.166 236.6 170.0  -4.0   8.0
19961126.500    8000 B      0   13    0   20 0.945 255.8 232.0 -13.0  70.0
19961127.500    7999 B      0 1529    0  830 0.388 254.2 171.0  -5.0  22.0
19961127.500    8000 B      0    6    0   30 0.994 255.8 232.0 -14.0  83.0
19961128.500    7999 B      0 1124    0  690 0.580 259.9 171.0  -5.0  35.0
19961129.500    7999 B      0  772    0  580 0.746 263.8 171.0  -4.0  48.0
19961130.500    7999 B      0  549    0  570 0.876 265.0 170.0  -4.0  61.0
199612 1.500    7999 B      0  232    0  450 0.966 266.7 171.0  -3.0  75.0
199612 1.500    8001 B      0    0    0    0 0.937 249.4 164.0 -19.0  68.0
199612 1.500    8002 A      0    0    0    0 0.503 214.1 114.0 -24.0  18.0
199612 2.500    7999 B      0    0    0  100 1.000 265.0 173.0  -5.0  90.0
199612 7.500    8003 B      0   15    0   10 0.621 145.8 352.0 -31.0 -24.0
199612 8.500    8003 B      0   17    0   10 0.518 163.1 354.0 -30.0 -10.0
199612 9.500    8003 B      0   87    0   50 0.483 187.3 355.0 -29.0   4.0
19961210.500    8003 B      0   66    0   40 0.549 209.5 356.0 -29.0  18.0
19961211.500    8003 B      0  196    0  130 0.656 223.4 355.0 -29.0  31.0
19961211.500    8004 A      0   94    0  140 0.941  82.3 254.0   7.0 -70.0
19961212.500    8003 B      0  126    0  100 0.776 233.6 356.0 -28.0  45.0
19961212.500    8004 A      0   69    0   70 0.869  81.5 251.0   7.0 -60.0
19961213.500    8003 B      0  122    0  140 0.900 239.1 359.0 -28.0  61.0
19961213.500    8004 A      0   96    0   70 0.723  82.2 252.0   5.0 -46.0
19961214.500    8003 B      0   80    0  160 0.968 240.3 359.0 -29.0  74.0
19961214.500    8004 A      0   83    0   50 0.555  77.6 252.0   6.0 -33.0
19961215.500    8003 B      0   16    0  180 0.999 241.0 360.0 -29.0  88.0
19961215.500    8004 A      0  149    0   80 0.362  70.1 252.0   6.0 -20.0
19961216.500    8004 B      0  118    0   60 0.164  39.4 253.0   6.0  -6.0
19961216.500    8005 A      0    0    0    0 0.474 115.7 233.0 -13.0 -26.0
19961217.500    8004 B      0  137    0   70 0.190 320.3 252.0   7.0   7.0
19961217.500    8005 A      0    0    0    0 0.274 137.3 234.0 -13.0 -11.0
19961217.500    8006 B      0   33    0   20 0.541 146.1 225.0 -28.0 -20.0
19961218.500    8004 BG     0  333    0  180 0.376 295.8 251.0   8.0  20.0
19961218.500    8006 A      0   17    0   10 0.452 170.2 226.0 -28.0  -5.0
19961219.500    8004 BG     0  180    0  110 0.574 284.7 252.0   7.0  34.0
19961220.500    8004 A      0   67    0   50 0.738 279.8 252.0   6.0  47.0
19961221.500    8004 A      0   40    0   40 0.860 277.0 251.0   5.0  59.0
19961221.500    8007 B      0   28    0   20 0.712 277.5 237.0   4.0  45.0
19961222.500    8004 A      0   24    0   40 0.952 275.9 251.0   5.0  72.0
19961222.500    8007 B      0   20    0   20 0.860 275.9 238.0   4.0  59.0
19961223.500    8004 A      0    6    0   40 0.997 276.2 250.0   6.0  85.0
19961223.500    8007 B      0    5    0   10 0.963 275.8 239.0   5.0  74.0
