1994 1 1.500    7640 BG     0   50    0  400 0.998 279.8 207.0  10.0  93.0
1994 1 1.500    7641 A      0    0    0   50 1.000 276.1 202.0   6.0  88.0
1994 1 1.500    7644 B      0   15    0   70 0.994 282.4 197.0  12.0  83.0
1994 1 1.500    7645 BGD    0 1194    0  720 0.558  60.9  84.0  13.0 -30.0
1994 1 1.500    7646 B      0  764    0  430 0.458 101.3  87.0  -8.0 -27.0
1994 1 1.500    7647 B      0  147    0   80 0.383 119.9  94.0 -14.0 -20.0
1994 1 2.500    7645 BGD    0 1099    0  600 0.400  49.2  82.0  12.0 -18.0
1994 1 2.500    7646 B      0 1120    0  580 0.259 112.9  86.0  -9.0 -14.0
1994 1 2.500    7647 B      0  233    0  120 0.227 153.5  94.0 -15.0  -6.0
1994 1 3.500    7645 BG     0 1206    0  630 0.287  10.2  84.0  13.0  -3.0
1994 1 3.500    7646 B      0 1315    0  660 0.082 167.8  86.0  -8.0  -1.0
1994 1 3.500    7647 B      0  215    0  110 0.210 208.9  93.0 -14.0   6.0
1994 1 3.500    7648 B      0   30    0   40 0.924  82.1  20.0   6.0 -67.0
1994 1 3.500    7649 A      0    0    0    0 0.253 126.5  75.0 -12.0 -12.0
1994 1 4.500    7645 BG     0  700    0  370 0.322 331.8  83.0  13.0   9.0
1994 1 4.500    7646 B      0 1170    0  600 0.221 249.0  86.0  -8.0  12.0
1994 1 4.500    7647 B      0  164    0   90 0.401 239.7  95.0 -15.0  21.0
1994 1 4.500    7648 B      0  109    0  100 0.836  80.5  18.0   6.0 -56.0
1994 1 5.500    7645 BG     0  517    0  290 0.452 305.9  83.0  12.0  22.0
1994 1 5.500    7646 BG     0 1094    0  610 0.442 259.3  87.0  -8.0  26.0
1994 1 5.500    7647 B      0  144    0   90 0.595 247.8  96.0 -16.0  35.0
1994 1 5.500    7648 B      0  424    0  290 0.682  77.2  19.0   6.0 -42.0
1994 1 6.500    7645 BG     0  220    0  140 0.618 294.9  83.0  12.0  35.0
1994 1 6.500    7646 BG     0  818    0  520 0.617 260.2  86.0  -9.0  38.0
1994 1 6.500    7647 B      0   39    0   30 0.751 251.9  96.0 -16.0  48.0
1994 1 6.500    7648 B      0  878    0  510 0.508  71.5  19.0   6.0 -29.0
1994 1 6.500    7650 B      0   29    0   20 0.665  79.7   7.0   4.0 -41.0
1994 1 7.500    7645 BG     0  136    0  110 0.783 290.0  84.0  13.0  49.0
1994 1 7.500    7646 B      0  504    0  400 0.776 262.8  86.0  -8.0  51.0
1994 1 7.500    7647 B      0   48    0   50 0.875 255.0  96.0 -15.0  61.0
1994 1 7.500    7648 B      0  825    0  440 0.345  57.4  18.0   7.0 -17.0
1994 1 7.500    7649 A      0   13    0   10 0.731 250.3  81.0 -17.0  46.0
1994 1 7.500    7650 B      0   69    0   40 0.490  72.6   7.0   5.0 -28.0
1994 1 8.500    7645 B      0   32    0   40 0.912 286.2  85.0  13.0  64.0
1994 1 8.500    7646 B      0  206    0  250 0.911 261.9  87.0  -9.0  66.0
1994 1 8.500    7647 B      0   11    0   20 0.954 255.5  94.0 -15.0  73.0
1994 1 8.500    7648 B      0  649    0  330 0.181  16.7  18.0   6.0  -3.0
1994 1 8.500    7649 A      0    0    0    0 0.853 250.1  79.0 -19.0  58.0
1994 1 8.500    7650 B      0  114    0   60 0.286  57.4   7.0   5.0 -14.0
1994 1 9.500    7645 B      0   15    0   50 0.988 283.8  88.0  13.0  80.0
1994 1 9.500    7646 B      0   56    0  190 0.989 262.5  90.0  -8.0  82.0
1994 1 9.500    7648 B      0  579    0  300 0.257 318.0  18.0   7.0  10.0
1994 1 9.500    7649 A      0    0    0    0 0.949 250.3  80.0 -20.0  72.0
1994 1 9.500    7650 B      0  197    0  100 0.158   0.0   8.0   5.0   0.0
1994 110.500    7646 A      0    5    0   60 0.999 260.8  88.0  -9.0  93.0
1994 110.500    7648 B      0  517    0  290 0.453 292.0  20.0   6.0  25.0
1994 110.500    7650 B      0  344    0  180 0.288 303.2   9.0   5.0  14.0
1994 111.500    7648 B      0  339    0  220 0.637 286.4  20.0   7.0  38.0
1994 111.500    7650 B      0  243    0  140 0.492 288.1  10.0   5.0  28.0
1994 112.500    7648 B      0  156    0  140 0.830 281.5  24.0   7.0  55.0
1994 112.500    7650 BD     0  277    0  190 0.682 282.2  11.0   5.0  42.0
1994 112.500    7651 B      0   18    0   10 0.325 264.3 348.0  -6.0  19.0
1994 113.500    7648 B      0   89    0  130 0.939 279.2  25.0   7.0  69.0
1994 113.500    7650 BD     0  208    0  190 0.836 279.0  12.0   5.0  56.0
1994 113.500    7651 B      0   67    0   40 0.543 267.8 349.0  -5.0  33.0
1994 114.500    7648 B      0   35    0  110 0.987 277.9  22.0   7.0  80.0
1994 114.500    7650 B      0  109    0  150 0.931 277.2  10.0   5.0  68.0
1994 114.500    7651 A      0   41    0   30 0.729 266.1 349.0  -6.0  47.0
1994 115.500    7650 A      0    7    0   30 0.993 275.6  12.0   5.0  83.0
1994 115.500    7651 A      0    0    0    0 0.872 264.6 350.0  -7.0  61.0
1994 115.500    7652 A      0   41    0   70 0.954  83.3 217.0   5.0 -72.0
1994 115.500    7653 B      0    2    0   10 0.989 265.6  11.0  -5.0  82.0
1994 116.500    7651 A      0    0    0    0 0.969 265.0 352.0  -6.0  76.0
1994 116.500    7652 A      0  215    0  200 0.843  83.4 219.0   3.0 -57.0
1994 116.500    7654 BG     0  264    0  450 0.956  80.1 203.0   8.0 -72.0
1994 116.500    7655 A      0    0    0    0 0.406 263.6 300.0  -7.0  24.0
1994 117.500    7652 A      0  219    0  150 0.681  78.8 218.0   4.0 -42.0
1994 117.500    7654 BGD    0  621    0  560 0.832  77.0 205.0   8.0 -55.0
1994 118.500    7652 A      0  188    0  110 0.519  73.8 220.0   4.0 -30.0
1994 118.500    7654 BGD    0  808    0  580 0.717  73.7 206.0   8.0 -44.0
1994 118.500    7656 A      0    0    0    0 0.335 208.7 260.0 -22.0  10.0
1994 119.500    7652 B      0  225    0  120 0.344  63.5 219.0   4.0 -18.0
1994 119.500    7654 BD     0  939    0  570 0.566  67.9 204.0   8.0 -32.0
1994 120.500    7652 B      0  275    0  140 0.174  23.6 219.0   4.0  -4.0
1994 120.500    7654 BD     0  971    0  530 0.401  53.3 204.0   9.0 -19.0
1994 121.500    7652 A      0  233    0  120 0.223 315.7 219.0   4.0   9.0
1994 121.500    7654 BD     0 1040    0  540 0.267  31.1 202.0   8.0  -8.0
1994 121.500    7657 B      0   89    0   50 0.455 309.7 231.0  12.0  21.0
1994 122.500    7652 A      0  163    0   90 0.419 291.7 220.0   4.0  23.0
1994 122.500    7654 BG     0 1170    0  610 0.283 330.9 205.0   9.0   8.0
1994 122.500    7657 B      0  121    0   80 0.652 295.4 234.0  12.0  37.0
1994 122.500    7658 B      0   18    0   10 0.379  38.7 183.0  12.0 -14.0
1994 122.500    7659 B      0   13    0   10 0.731 102.8 150.0 -13.0 -47.0
1994 123.500    7652 A      0  174    0  110 0.608 285.6 220.0   5.0  36.0
1994 123.500    7654 BD     0  999    0  560 0.451 305.1 206.0  10.0  22.0
1994 123.500    7657 B      0   72    0   60 0.798 290.8 234.0  13.0  50.0
1994 123.500    7658 B      0   57    0   30 0.302   6.5 182.0  12.0  -2.0
1994 123.500    7659 B      0   16    0   10 0.594 106.3 148.0 -14.0 -36.0
1994 123.500    7660 A      0    0    0    0 0.937  96.5 114.0  -8.0 -70.0
1994 124.500    7652 A      0  126    0  100 0.775 279.7 221.0   4.0  50.0
1994 124.500    7654 BD     0  916    0  580 0.613 292.4 206.0   9.0  35.0
1994 124.500    7657 B      0   34    0   40 0.904 283.8 234.0  10.0  63.0
1994 124.500    7658 B      0  167    0   90 0.362 325.8 183.0  12.0  12.0
1994 124.500    7659 B      0   17    0   10 0.446 105.9 145.0 -12.0 -26.0
1994 124.500    7661 B      0   45    0   30 0.646  70.7 133.0   8.0 -38.0
1994 125.500    7652 A      0   88    0  100 0.896 277.3 221.0   4.0  63.0
1994 125.500    7654 BD     0  785    0  620 0.774 285.1 207.0   8.0  49.0
1994 125.500    7657 B      0   11    0   30 0.983 282.3 236.0  11.0  78.0
1994 125.500    7658 B      0  344    0  200 0.507 305.4 183.0  12.0  25.0
1994 125.500    7659 A      0    0    0    0 0.227 125.1 147.0 -13.0 -11.0
1994 125.500    7660 A      0    0    0    0 0.666  97.2 116.0  -9.0 -42.0
1994 125.500    7661 B      0   87    0   50 0.476  61.6 133.0   8.0 -25.0
1994 126.500    7652 A      0   51    0  110 0.972 275.5 220.0   4.0  76.0
1994 126.500    7654 BD     0  587    0  680 0.902 282.8 207.0   9.0  63.0
1994 126.500    7658 B      0  238    0  160 0.665 295.2 182.0  12.0  38.0
1994 126.500    7659 A      0   19    0   10 0.110 180.0 144.0 -12.0   0.0
1994 126.500    7661 B      0  209    0  110 0.301  38.8 133.0   8.0 -11.0
1994 127.500    7652 A      0    5    0   40 0.998 273.7 224.0   4.0  93.0
1994 127.500    7654 BD     0  185    0  490 0.982 280.3 209.0   9.0  78.0
1994 127.500    7658 B      0  146    0  130 0.825 288.8 184.0  12.0  53.0
1994 127.500    7661 B      0  135    0   70 0.240 351.7 133.0   8.0   2.0
1994 128.500    7654 BD     0    0    0  320 1.000 279.0 208.0   9.0  90.0
1994 128.500    7658 B      0   63    0   90 0.935 286.3 185.0  13.0  67.0
1994 128.500    7661 B      0   93    0   50 0.360 310.8 134.0   8.0  16.0
1994 128.500    7662 B      0   64    0   40 0.598 109.0  82.0 -16.0 -36.0
1994 129.500    7658 B      0   14    0   40 0.984 284.4 183.0  13.0  78.0
1994 129.500    7660 A      0   19    0   10 0.164 250.4 114.0  -9.0   9.0
1994 129.500    7661 A      0   16    0   10 0.538 297.1 134.0   9.0  29.0
1994 129.500    7662 B      0   18    0   10 0.424 118.2  82.0 -17.0 -23.0
1994 129.500    7663 B      0   17    0   10 0.439  46.5  86.0  12.0 -19.0
1994 129.500    7664 A      0    0    0    0 0.879  94.8  43.0  -7.0 -62.0
1994 129.500    7665 A      0   27    0   60 0.973  84.4  29.0   4.0 -76.0
1994 130.500    7658 B      0    1    0   20 0.999 279.7 184.0  10.0  92.0
1994 130.500    7661 B      0   28    0   20 0.712 288.9 135.0   9.0  43.0
1994 130.500    7662 B      0   77    0   40 0.242 136.4  82.0 -16.0 -10.0
1994 130.500    7663 A      0    0    0    0 0.325  18.4  86.0  12.0  -6.0
1994 130.500    7664 A      0   13    0   10 0.751  94.1  43.0  -7.0 -49.0
1994 130.500    7665 A      0   49    0   60 0.912  81.8  27.0   5.0 -65.0
1994 131.500    7659 A      0    0    0    0 0.941 258.3 150.0 -13.0  71.0
1994 131.500    7661 A      0    0    0    0 0.839 286.1 134.0  10.0  55.0
1994 131.500    7662 B      0  117    0   60 0.201 199.3  83.0 -17.0   4.0
1994 131.500    7663 A      0    0    0    0 0.347 340.0  86.0  13.0   7.0
1994 131.500    7664 B      0   15    0   10 0.656 102.9  38.0 -13.0 -41.0
1994 131.500    7665 A      0   94    0   80 0.808  80.5  26.0   4.0 -53.0
1994 2 1.500    7659 B      0    6    0   30 0.994 256.5 150.0 -14.0  85.0
1994 2 1.500    7662 B      0   74    0   40 0.353 236.8  83.0 -17.0  18.0
1994 2 1.500    7663 A      0   17    0   10 0.479 306.7  88.0  11.0  23.0
1994 2 1.500    7665 A      0  121    0   80 0.649  74.9  26.0   5.0 -39.0
1994 2 2.500    7662 B      0   33    0   20 0.542 249.9  84.0 -16.0  32.0
1994 2 2.500    7663 B      0   30    0   20 0.645 296.9  88.0  12.0  36.0
1994 2 2.500    7665 A      0  124    0   70 0.453  68.4  27.0   4.0 -25.0
1994 2 2.500    7666 A      0    7    0   10 0.918  67.3 349.0  18.0 -63.0
1994 2 3.500    7662 A      0    0    0    0 0.732 253.9  86.0 -16.0  47.0
1994 2 3.500    7663 B      0   50    0   40 0.778 290.9  87.0  12.0  48.0
1994 2 3.500    7665 B      0  115    0   60 0.285  52.0  26.0   4.0 -13.0
1994 2 3.500    7666 B      0   89    0   80 0.828  63.3 348.0  18.0 -51.0
1994 2 4.500    7662 A      0    0    0    0 0.816 253.6  81.0 -17.0  55.0
1994 2 4.500    7663 B      0   24    0   30 0.910 287.4  89.0  13.0  63.0
1994 2 4.500    7664 B      0   39    0   20 0.197 239.4  36.0 -12.0  10.0
1994 2 4.500    7665 B      0  117    0   60 0.183 349.0  28.0   4.0   2.0
1994 2 4.500    7666 B      0  176    0  120 0.676  56.2 350.0  17.0 -36.0
1994 2 5.500    7663 B      0    4    0   10 0.969 283.1  87.0  11.0  74.0
1994 2 5.500    7664 B      0   55    0   30 0.366 253.3  34.0 -12.0  21.0
1994 2 5.500    7665 B      0   94    0   50 0.313 304.4  28.0   4.0  15.0
1994 2 5.500    7666 B      0  198    0  120 0.560  41.3 350.0  19.0 -23.0
1994 2 5.500    7667 A      0   15    0   10 0.652  93.3 332.0  -7.0 -41.0
1994 2 6.500    7664 B      0   82    0   50 0.572 260.0  35.0 -11.0  35.0
1994 2 6.500    7665 B      0   86    0   50 0.498 289.8  28.0   4.0  28.0
1994 2 6.500    7666 B      0  213    0  120 0.457  25.7 348.0  18.0 -12.0
1994 2 6.500    7667 B      0   17    0   10 0.497  94.8 330.0  -8.0 -30.0
1994 2 7.500    7664 B      0  229    0  130 0.470 258.8  14.0 -11.0  28.0
1994 2 7.500    7665 A      0   35    0   20 0.441 293.0  10.0   4.0  24.0
1994 2 7.500    7666 B      0  162    0   90 0.434 342.3 354.0  18.0   8.0
1994 2 7.500    7667 B      0   39    0   20 0.074 249.1 350.0  -8.0   4.0
1994 2 8.500    7664 B      0  121    0  130 0.885 258.7  36.0 -13.0  63.0
1994 2 8.500    7665 A      0   21    0   20 0.836 278.0  29.0   3.0  56.0
1994 2 8.500    7666 B      0  157    0   90 0.480 329.1 348.0  18.0  15.0
1994 2 8.500    7667 B      0   19    0   10 0.035 257.4 335.0  -7.0   2.0
1994 2 8.500    7668 B      0   75    0   60 0.777  74.1 284.0   8.0 -49.0
1994 2 9.500    7664 B      0   99    0  180 0.961 259.4  35.0 -12.0  75.0
1994 2 9.500    7665 A      0    0    0    0 0.937 275.7  29.0   3.0  69.0
1994 2 9.500    7666 B      0  175    0  110 0.602 312.1 348.0  18.0  28.0
1994 2 9.500    7668 B      0  379    0  240 0.613  67.8 285.0   8.0 -35.0
1994 210.500    7664 A      0   13    0   90 0.997 257.4  34.0 -13.0  87.0
1994 210.500    7666 B      0  119    0   90 0.746 301.4 349.0  18.0  42.0
1994 210.500    7668 B      0  552    0  310 0.453  54.7 285.0   9.0 -22.0
1994 211.500    7666 B      0   78    0   80 0.871 295.1 350.0  18.0  56.0
1994 211.500    7668 B      0  435    0  230 0.319  32.5 284.0   9.0 -10.0
1994 211.500    7669 B      0   12    0   20 0.950  82.5 223.0   5.0 -71.0
1994 212.500    7666 A      0   45    0   80 0.958 291.1 351.0  18.0  70.0
1994 212.500    7668 B      0  308    0  160 0.264 344.8 285.0   8.0   4.0
1994 212.500    7669 A      0   10    0   10 0.858  80.0 223.0   5.0 -58.0
1994 212.500    7670 A      0    0    0    0 0.966  80.9 207.0   7.0 -74.0
1994 213.500    7666 A      0    7    0   40 0.996 286.8 350.0  16.0  83.0
1994 213.500    7668 B      0  129    0   70 0.383 310.9 284.0   8.0  17.0
1994 213.500    7669 A      0    0    0    0 0.716  74.7 223.0   6.0 -44.0
1994 213.500    7670 A      0    0    0    0 0.882  76.0 207.0   9.0 -60.0
1994 213.500    7671 A      0   27    0   60 0.973  77.0 192.0  11.0 -75.0
1994 214.500    7668 B      0   83    0   50 0.544 298.3 283.0   9.0  29.0
1994 214.500    7669 A      0    0    0    0 0.560  70.5 222.0   5.0 -32.0
1994 214.500    7670 B      0   12    0   10 0.767  73.6 206.0   8.0 -48.0
1994 214.500    7671 B      0  352    0  450 0.920  76.0 189.0  10.0 -65.0
1994 215.500    7668 B      0   28    0   20 0.712 288.4 284.0   8.0  43.0
1994 215.500    7669 A      0    0    0    0 0.390  56.2 222.0   6.0 -19.0
1994 215.500    7670 B      0   30    0   20 0.650  65.8 204.0  10.0 -37.0
1994 215.500    7671 B      0  522    0  450 0.814  72.5 189.0  10.0 -52.0
1994 216.500    7668 B      0   21    0   20 0.837 284.3 283.0   8.0  55.0
1994 216.500    7669 B      0   18    0   10 0.384  48.9 211.0   8.0 -17.0
1994 216.500    7670 B      0   69    0   40 0.489  55.0 204.0  10.0 -24.0
1994 216.500    7671 B      0  629    0  420 0.662  66.3 190.0  10.0 -38.0
1994 216.500    7672 A      0   17    0   10 0.495  71.3 200.0   3.0 -28.0
1994 217.500    7668 A      0    7    0   10 0.921 279.5 281.0   6.0  66.0
1994 217.500    7669 A      0   19    0   10 0.296  10.0 212.0  10.0  -3.0
1994 217.500    7670 B      0   36    0   20 0.381  32.2 203.0  12.0 -12.0
1994 217.500    7671 B      0  707    0  420 0.539  52.4 189.0  13.0 -26.0
1994 217.500    7673 B      0   37    0   30 0.775 284.9 264.0   7.0  49.0
1994 218.500    7668 A      0    4    0   20 0.993 281.0 284.0  10.0  82.0
1994 218.500    7669 B      0   19    0   10 0.292 331.9 210.0   8.0   8.0
1994 218.500    7670 A      0   19    0   10 0.292   0.0 202.0  10.0   0.0
1994 218.500    7671 B      0  700    0  380 0.387  37.9 188.0  11.0 -14.0
1994 218.500    7673 B      0   23    0   30 0.917 281.9 267.0   8.0  65.0
1994 219.500    7670 A      0    0    0    0 0.333 325.5 199.0   9.0  11.0
1994 219.500    7671 B      0  646    0  340 0.310   0.0 188.0  11.0   0.0
1994 219.500    7673 A      0    0    0    0 0.982 279.6 266.0   8.0  78.0
1994 219.500    7674 B      0    0    0    0 0.416 108.4 164.0 -14.0 -24.0
1994 220.500    7671 B      0  516    0  280 0.388 322.2 189.0  11.0  14.0
1994 220.500    7674 A      0    0    0    0 0.195 128.8 166.0 -14.0  -9.0
1994 221.500    7671 B      0  488    0  290 0.540 301.2 190.0  10.0  28.0
1994 222.500    7671 B      0  408    0  290 0.710 291.8 191.0  10.0  42.0
1994 222.500    7675 B      0   60    0   40 0.652 100.1 108.0 -12.0 -41.0
1994 222.500    7676 B      0   36    0   30 0.792  72.8  99.0   9.0 -50.0
1994 222.500    7677 B      0   17    0   10 0.494 336.7 161.0  20.0  12.0
1994 223.500    7671 B      0  310    0  290 0.845 287.9 191.0  11.0  55.0
1994 223.500    7675 B      0  123    0   70 0.470 102.2 108.0 -12.0 -28.0
1994 223.500    7676 B      0   14    0   10 0.678  69.9  96.0   8.0 -40.0
1994 224.500    7671 B      0  137    0  200 0.939 283.4 191.0  10.0  68.0
1994 224.500    7675 B      0   57    0   30 0.296 104.1 106.0 -11.0 -17.0
1994 224.500    7676 B      0   17    0   10 0.513  61.1  96.0   8.0 -27.0
1994 224.500    7678 A      0   41    0   70 0.955 102.5  49.0 -14.0 -74.0
1994 225.500    7671 B      0   41    0  190 0.994 282.0 191.0  11.0  82.0
1994 225.500    7675 B      0   59    0   30 0.084 142.4 106.0 -11.0  -3.0
1994 225.500    7678 A      0   96    0  100 0.876 103.2  47.0 -15.0 -62.0
1994 225.500    7679 B      0   17    0   10 0.447  70.7  84.0   2.0 -25.0
1994 226.500    7675 A      0   19    0   10 0.231 252.5 109.0 -11.0  13.0
1994 226.500    7678 A      0   53    0   40 0.738 102.4  48.0 -14.0 -48.0
1994 226.500    7679 B      0   77    0   40 0.246  44.7  86.0   3.0 -10.0
1994 226.500    7680 A      0    0    0    0 0.960 101.5  21.0 -13.0 -75.0
1994 226.500    7681 A      0    0    0    0 0.146 215.4 101.0 -14.0   5.0
1994 227.500    7677 B      0    5    0   10 0.965 283.5 156.0  11.0  73.0
1994 227.500    7678 B      0   81    0   50 0.574 104.1  48.0 -14.0 -35.0
1994 227.500    7679 B      0   19    0   10 0.185 343.6  86.0   3.0   3.0
1994 227.500    7680 B      0   84    0  100 0.907  99.9  17.0 -12.0 -66.0
1994 227.500    7681 A      0    0    0    0 0.319 250.5 101.0 -13.0  18.0
1994 228.500    7678 B      0  146    0   80 0.400 108.6  47.0 -14.0 -23.0
1994 228.500    7679 A      0   18    0   10 0.331 297.9  87.0   2.0  17.0
1994 228.500    7680 B      0  211    0  170 0.782  99.6  18.0 -12.0 -52.0
1994 228.500    7682 B      0   58    0   30 0.205 175.4  69.0 -19.0  -1.0
1994 3 1.500    7678 A      0  137    0   70 0.193 128.2  48.0 -14.0  -9.0
1994 3 1.500    7680 B      0  173    0  110 0.612 100.3  19.0 -12.0 -38.0
1994 3 1.500    7682 B      0   76    0   40 0.299 230.4  71.0 -18.0  14.0
1994 3 2.500    7678 A      0   59    0   30 0.145 215.6  49.0 -14.0   5.0
1994 3 2.500    7680 B      0  145    0   80 0.422 100.5  19.0 -11.0 -25.0
1994 3 2.500    7682 B      0  105    0   60 0.481 243.2  71.0 -19.0  27.0
1994 3 2.500    7683 B      0   40    0   30 0.742 252.2  92.0 -18.0  48.0
1994 3 3.500    7678 A      0   37    0   20 0.324 247.6  48.0 -14.0  18.0
1994 3 3.500    7680 B      0   77    0   40 0.236 111.4  17.0 -12.0 -13.0
1994 3 3.500    7682 B      0  137    0   90 0.648 250.7  70.0 -18.0  40.0
1994 3 3.500    7683 B      0   20    0   20 0.860 253.3  90.0 -18.0  60.0
1994 3 3.500    7684 B      0   18    0   10 0.419  93.4   5.0  -8.0 -25.0
1994 3 4.500    7678 B      0   17    0   10 0.486 256.2  46.0 -13.0  29.0
1994 3 4.500    7680 B      0   19    0   10 0.083 180.0  17.0 -12.0   0.0
1994 3 4.500    7682 B      0  213    0  180 0.806 251.7  71.0 -19.0  54.0
1994 3 4.500    7683 A      0    0    0    0 0.968 254.2  94.0 -17.0  77.0
1994 3 4.500    7684 B      0   19    0   10 0.208  99.2   5.0  -9.0 -12.0
1994 3 5.500    7678 B      0   15    0   10 0.625 261.4  43.0 -11.0  39.0
1994 3 5.500    7680 B      0   19    0   10 0.260 258.4  19.0 -10.0  15.0
1994 3 5.500    7682 B      0  117    0  150 0.920 252.4  72.0 -19.0  68.0
1994 3 5.500    7684 A      0    0    0    0 0.091 250.2   9.0  -9.0   5.0
1994 3 5.500    7685 B      0   18    0   10 0.388  90.8 341.0  -7.0 -23.0
1994 3 6.500    7680 B      0    0    0    0 0.483 260.3  20.0 -11.0  29.0
1994 3 6.500    7682 B      0   37    0  100 0.982 252.0  73.0 -19.0  81.0
1994 3 6.500    7684 B      0   19    0   10 0.274 266.2   7.0  -8.0  16.0
1994 3 6.500    7685 B      0  197    0  100 0.156  95.4 342.0  -8.0  -9.0
1994 3 6.500    7686 B      0   39    0   30 0.747 287.5  37.0   8.0  46.0
1994 3 6.500    7687 B      0   69    0   40 0.497  31.9 335.0  18.0 -16.0
1994 3 7.500    7684 B      0   34    0   20 0.496 266.5   8.0  -8.0  30.0
1994 3 7.500    7685 B      0  219    0  110 0.070 259.0 342.0  -8.0   4.0
1994 3 7.500    7686 B      0   19    0   20 0.873 283.4  37.0   8.0  59.0
1994 3 7.500    7687 B      0   90    0   50 0.429   6.7 335.0  18.0  -3.0
1994 3 8.500    7684 A      0    0    0    0 0.714 265.9  10.0  -8.0  46.0
1994 3 8.500    7685 B      0  133    0   70 0.290 266.3 341.0  -8.0  17.0
1994 3 8.500    7686 B      0    4    0   10 0.972 280.1  39.0   8.0  75.0
1994 3 8.500    7687 B      0   53    0   30 0.461 336.8 335.0  18.0  11.0
1994 3 9.500    7684 B      0   22    0   20 0.824 265.2   7.0  -8.0  56.0
1994 3 9.500    7685 B      0  189    0  110 0.511 266.5 342.0  -8.0  31.0
1994 3 9.500    7686 B      0    0    0   10 0.999 278.3  38.0   8.0  87.0
1994 3 9.500    7687 B      0   32    0   20 0.578 313.5 337.0  17.0  26.0
1994 310.500    7684 B      0    7    0   10 0.935 264.1   7.0  -8.0  70.0
1994 310.500    7685 B      0   86    0   60 0.690 266.0 342.0  -8.0  44.0
1994 310.500    7687 A      0    0    0    0 0.714 302.5 337.0  17.0  39.0
1994 310.500    7688 A      0    0    0    0 0.979  69.8 223.0  18.0 -75.0
1994 311.500    7684 B      0    0    0    0 0.988 263.0   7.0  -8.0  82.0
1994 311.500    7685 B      0   66    0   60 0.833 265.2 342.0  -8.0  57.0
1994 311.500    7687 A      0    0    0    0 0.840 296.9 337.0  18.0  52.0
1994 311.500    7688 B      0   26    0   30 0.901  66.0 225.0  18.0 -60.0
1994 311.500    7689 A      0    0    0    0 0.611 261.3 323.0 -11.0  38.0
1994 312.500    7685 B      0   54    0   80 0.941 264.0 343.0  -8.0  71.0
1994 312.500    7687 A      0    0    0    0 0.939 292.2 338.0  18.0  66.0
1994 312.500    7688 B      0  107    0   90 0.801  59.7 225.0  19.0 -47.0
1994 312.500    7689 B      0   12    0   10 0.792 261.6 325.0 -11.0  53.0
1994 312.500    7690 B      0   11    0   10 0.803 257.9 326.0 -14.0  54.0
1994 313.500    7685 A      0   10    0   40 0.991 262.9 342.0  -8.0  83.0
1994 313.500    7688 B      0  164    0  110 0.666  50.7 226.0  19.0 -33.0
1994 313.500    7689 B      0    8    0   10 0.901 262.3 324.0 -10.0  65.0
1994 313.500    7690 B      0    7    0   10 0.927 257.8 328.0 -14.0  69.0
1994 314.500    7688 B      0  218    0  130 0.541  36.7 225.0  19.0 -20.0
1994 314.500    7690 B      0    3    0   10 0.986 255.9 327.0 -15.0  82.0
1994 315.500    7688 B      0  177    0  100 0.459  16.7 224.0  19.0  -8.0
1994 315.500    7691 A      0    0    0    0 0.259 340.5 237.0   7.0   5.0
1994 315.500    7692 A      0   20    0   40 0.966  70.2 160.0  17.0 -72.0
1994 316.500    7688 B      0  178    0  100 0.451 347.3 225.0  19.0   6.0
1994 316.500    7692 A      0   83    0   90 0.887  65.4 161.0  18.0 -58.0
1994 317.500    7688 B      0  118    0   70 0.532 324.6 225.0  19.0  19.0
1994 317.500    7692 A      0   75    0   60 0.777  59.9 161.0  18.0 -45.0
1994 318.500    7688 A      0   28    0   20 0.695 306.9 229.0  19.0  36.0
1994 318.500    7692 A      0   76    0   50 0.647  51.2 161.0  18.0 -32.0
1994 319.500    7692 A      0  102    0   60 0.519  36.6 161.0  18.0 -19.0
1994 320.500    7692 A      0   72    0   40 0.434  13.3 160.0  18.0  -6.0
1994 321.500    7692 A      0   89    0   50 0.437 344.6 160.0  18.0   7.0
1994 321.500    7693 B      0   41    0   30 0.716 289.8 196.0   9.0  43.0
1994 322.500    7692 B      0   51    0   30 0.518 323.3 159.0  18.0  19.0
1994 322.500    7693 B      0   74    0   70 0.846 284.0 196.0   8.0  56.0
1994 323.500    7692 B      0   45    0   30 0.646 308.7 159.0  18.0  32.0
1994 323.500    7693 B      0   38    0   60 0.948 280.9 197.0   8.0  70.0
1994 324.500    7692 A      0   24    0   20 0.795 298.9 161.0  18.0  47.0
1994 324.500    7693 A      0    5    0   40 0.998 278.6 199.0   8.0  85.0
1994 324.500    7694 A      0   13    0   10 0.724  67.7  71.0  11.0 -43.0
1994 324.500    7695 B      0   19    0   20 0.869 105.7  53.0 -17.0 -61.0
1994 325.500    7692 A      0   17    0   20 0.900 293.8 160.0  18.0  60.0
1994 325.500    7694 B      0   16    0   10 0.563  60.9  70.0  10.0 -30.0
1994 325.500    7695 B      0   14    0   10 0.695 106.0  56.0 -16.0 -44.0
1994 325.500    7696 B      0   19    0   10 0.196 154.8  95.0 -17.0  -5.0
1994 326.500    7692 A      0    9    0   20 0.971 290.5 160.0  18.0  73.0
1994 326.500    7694 B      0   18    0   10 0.393  43.7  71.0  10.0 -16.0
1994 326.500    7695 B      0   34    0   20 0.498 110.5  58.0 -16.0 -29.0
1994 327.500    7692 A      0    0    0    0 1.000 288.3 160.0  18.0  86.0
1994 327.500    7694 A      0    0    0    0 0.306   6.4  72.0  11.0  -2.0
1994 327.500    7695 B      0   55    0   30 0.362 120.7  55.0 -17.0 -19.0
1994 328.500    7695 B      0   98    0   50 0.183 152.7  56.0 -16.0  -5.0
1994 328.500    7696 A      0    0    0    0 0.605 253.9  98.0 -15.0  37.0
1994 329.500    7695 B      0  117    0   60 0.212 219.2  56.0 -16.0   8.0
1994 330.500    7695 B      0   18    0   10 0.408 247.6  57.0 -15.0  23.0
1994 330.500    7696 B      0    9    0   10 0.877 255.3  96.0 -16.0  62.0
1994 330.500    7698 B      0   39    0   20 0.167 168.4  32.0 -16.0  -2.0
1994 331.500    7695 A      0    0    0    0 0.619 254.0  59.0 -15.0  38.0
1994 331.500    7696 B      0   43    0   70 0.950 254.2  94.0 -17.0  73.0
1994 331.500    7697 A      0    0    0    0 0.543 302.0  49.0  11.0  28.0
1994 331.500    7698 B      0   96    0   50 0.259 224.8  32.0 -17.0  11.0
1994 4 1.500    7696 B      0   11    0   50 0.993 254.6  93.0 -16.0  85.0
1994 4 1.500    7698 B      0   18    0   10 0.428 245.9  32.0 -16.0  24.0
1994 4 5.500    7699 A      0    0    0    0 0.099 240.4 320.0  -9.0   5.0
1994 4 8.500    7700 A      0    5    0   10 0.957  79.7 204.0   8.0 -72.0
1994 4 9.500    7700 A      0   19    0   20 0.878  77.5 202.0   8.0 -60.0
1994 410.500    7700 A      0   39    0   30 0.749  71.1 203.0  10.0 -46.0
1994 411.500    7700 B      0   47    0   30 0.602  66.6 202.0   9.0 -34.0
1994 412.500    7700 B      0   54    0   30 0.410  55.7 203.0   8.0 -20.0
1994 413.500    7700 B      0   57    0   30 0.280  25.5 203.0   9.0  -7.0
1994 414.500    7700 B      0   19    0   10 0.257 327.5 204.0   7.0   8.0
1994 414.500    7701 A      0   21    0   50 0.977  83.6 119.0   5.0 -77.0
1994 415.500    7700 B      0   18    0   10 0.400 301.8 203.0   7.0  20.0
1994 415.500    7701 B      0  128    0  180 0.934  80.3 115.0   7.0 -68.0
1994 416.500    7700 B      0    0    0    0 0.581 291.9 203.0   8.0  33.0
1994 416.500    7701 B      0  155    0  140 0.832  77.9 115.0   7.0 -55.0
1994 417.500    7700 B      0    0    0    0 0.788 280.6 208.0   5.0  51.0
1994 417.500    7701 B      0  172    0  120 0.694  72.7 115.0   8.0 -42.0
1994 417.500    7702 A      0    0    0    0 0.741 100.0 109.0 -11.0 -48.0
1994 418.500    7700 B      0    0    0    0 0.902 275.9 208.0   3.0  64.0
1994 418.500    7701 B      0  205    0  120 0.514  64.8 116.0   8.0 -28.0
1994 418.500    7702 A      0    0    0    0 0.561 101.9 110.0 -11.0 -34.0
1994 419.500    7701 B      0  210    0  110 0.293  44.7 118.0   7.0 -12.0
1994 419.500    7702 A      0   38    0   20 0.266 117.2 111.0 -12.0 -14.0
1994 419.500    7703 A      0    0    0    0 0.559  65.5  99.0   9.0 -31.0
1994 419.500    7704 A      0    0    0    0 0.981  80.8  52.0   8.0 -78.0
1994 420.500    7701 B      0  254    0  130 0.209   0.0 117.0   7.0   0.0
1994 420.500    7702 B      0   19    0   10 0.182 131.7 109.0 -12.0  -8.0
1994 420.500    7704 A      0   32    0   40 0.915  78.9  52.0   8.0 -65.0
1994 421.500    7701 A      0  189    0  100 0.316 310.5 118.0   7.0  14.0
1994 421.500    7702 A      0    0    0    0 0.133 157.3 101.0 -12.0  -3.0
1994 421.500    7704 A      0   44    0   40 0.835  75.8  49.0   9.0 -55.0
1994 421.500    7705 B      0   38    0   20 0.282  52.6  91.0   5.0 -13.0
1994 422.500    7701 A      0  138    0   80 0.506 292.8 119.0   7.0  28.0
1994 422.500    7702 B      0   19    0   10 0.197 230.8 100.0 -12.0   9.0
1994 422.500    7704 B      0   59    0   40 0.668  72.3  51.0   8.0 -40.0
1994 422.500    7705 B      0  137    0   70 0.189   0.0  91.0   6.0   0.0
1994 423.500    7701 A      0  130    0   90 0.686 284.0 120.0   6.0  42.0
1994 423.500    7704 B      0   34    0   20 0.497  64.7  51.0   8.0 -27.0
1994 423.500    7705 B      0  230    0  120 0.280 306.9  91.0   5.0  13.0
1994 424.500    7701 A      0  112    0   90 0.782 284.1 114.0   8.0  50.0
1994 424.500    7702 B      0   15    0   10 0.647 255.4 104.0 -13.0  40.0
1994 424.500    7704 A      0   56    0   30 0.313  50.1  50.0   7.0 -14.0
1994 424.500    7705 B      0  286    0  160 0.445 288.8  89.0   4.0  25.0
1994 424.500    7706 A      0    0    0    0 0.969 278.5 139.0   7.0  75.0
1994 425.500    7701 A      0   55    0   80 0.939 279.2 120.0   7.0  69.0
1994 425.500    7702 A      0    0    0    0 0.837 258.7 108.0 -12.0  57.0
1994 425.500    7704 A      0    0    0    0 0.202   4.9  50.0   7.0  -1.0
1994 425.500    7705 B      0  104    0   70 0.667 281.2  92.0   4.0  41.0
1994 425.500    7706 A      0    0    0    0 1.000 276.1 140.0   6.0  89.0
1994 426.500    7701 A      0   17    0   70 0.992 277.7 120.0   7.0  82.0
1994 426.500    7705 B      0   71    0   60 0.804 277.1  91.0   3.0  53.0
1994 426.500    7707 B      0   31    0   20 0.631 274.0  77.0  -1.0  39.0
1994 426.500    7708 B      0   24    0   40 0.951 281.0 109.0   9.0  71.0
1994 427.500    7704 B      0   16    0   10 0.554 301.5  54.0  13.0  29.0
1994 427.500    7705 A      0   49    0   70 0.936 276.0  94.0   4.0  69.0
1994 427.500    7707 B      0   11    0   10 0.810 273.2  79.0   0.0  54.0
1994 427.500    7708 A      0    0    0    0 0.994 280.6 108.0  10.0  83.0
1994 427.500    7709 A      0    0    0    0 0.595 279.4  61.0   2.0  36.0
1994 428.500    7704 B      0   14    0   10 0.713 294.5  54.0  14.0  42.0
1994 428.500    7705 A      0   13    0   50 0.991 274.6  94.0   4.0  82.0
1994 428.500    7707 A      0    0    0    0 0.914 271.9  78.0   0.0  66.0
1994 429.500    7707 B      0   11    0   30 0.981 269.8  77.0  -1.0  79.0
1994 430.500    7710 B      0   11    0   10 0.829 255.9  41.0 -14.0  56.0
1994 430.500    7711 B      0   39    0   20 0.108 198.6 347.0 -10.0   2.0
1994 430.500    7712 B      0   18    0   10 0.378 112.0 324.0 -12.0 -21.0
1994 5 1.500    7710 A      0    0    0    0 0.926 254.3  40.0 -16.0  68.0
1994 5 1.500    7711 B      0   19    0   10 0.159 220.1 338.0 -11.0   6.0
1994 5 1.500    7712 B      0   19    0   10 0.183 139.4 325.0 -12.0  -7.0
1994 5 1.500    7713 B      0   15    0   10 0.658  76.1 292.0   6.0 -40.0
1994 5 1.500    7714 B      0    0    0    0 0.724 105.5 286.0 -14.0 -46.0
1994 5 1.500    7715 B      0   51    0   30 0.520 292.6   1.0   8.0  29.0
1994 5 2.500    7712 B      0   19    0   10 0.161 219.7 325.0 -11.0   6.0
1994 5 2.500    7713 B      0   70    0   40 0.472  67.2 293.0   7.0 -26.0
1994 5 2.500    7714 B      0   16    0   10 0.564 111.1 286.0 -15.0 -33.0
1994 5 2.500    7715 B      0   28    0   20 0.689 285.9   1.0   8.0  42.0
1994 5 2.500    7716 A      0    0    0    0 0.262 292.7 333.0   2.0  14.0
1994 5 3.500    7713 B      0   38    0   20 0.291  50.2 292.0   7.0 -13.0
1994 5 3.500    7714 A      0    0    0    0 0.406 116.5 283.0 -14.0 -22.0
1994 5 3.500    7715 A      0   21    0   20 0.849 281.9   2.0   8.0  57.0
1994 5 3.500    7717 A      0    0    0    0 0.230 255.6 318.0  -7.0  13.0
1994 5 4.500    7713 A      0    0    0    0 0.172 348.4 294.0   6.0   2.0
1994 5 4.500    7714 B      0   19    0   10 0.235 139.8 283.0 -14.0  -9.0
1994 5 4.500    7715 B      0    7    0   10 0.933 281.1 360.0   9.0  68.0
1994 5 5.500    7714 B      0   19    0   10 0.199 205.1 284.0 -14.0   5.0
1994 5 6.500    7714 B      0   37    0   20 0.352 238.3 284.0 -14.0  18.0
1994 5 6.500    7718 A      0   17    0   10 0.481  64.1 240.0   9.0 -26.0
1994 5 6.500    7719 B      0   31    0   20 0.616  98.5 228.0  -8.0 -38.0
1994 5 7.500    7718 A      0    0    0    0 0.331  46.0 239.0  10.0 -14.0
1994 5 7.500    7719 B      0   73    0   40 0.409  99.6 229.0  -7.0 -24.0
1994 5 8.500    7714 A      0    0    0    0 0.715 253.6 284.0 -14.0  45.0
1994 5 8.500    7719 B      0   58    0   30 0.201 109.2 228.0  -7.0 -11.0
1994 5 8.500    7720 A      0   15    0   10 0.620 102.0 201.0 -10.0 -38.0
1994 5 9.500    7719 B      0   39    0   20 0.072 226.5 229.0  -6.0   3.0
1994 510.500    7719 B      0   37    0   20 0.315 256.9 231.0  -7.0  18.0
1994 510.500    7721 B      0   19    0   30 0.944 101.6 142.0 -12.0 -71.0
1994 511.500    7719 B      0   17    0   10 0.502 261.1 230.0  -7.0  30.0
1994 511.500    7721 B      0   22    0   20 0.821 102.6 145.0 -12.0 -55.0
1994 511.500    7722 B      0   99    0  270 0.983  82.3 122.0   7.0 -79.0
1994 512.500    7721 A      0    0    0    0 0.677 104.7 144.0 -12.0 -42.0
1994 512.500    7722 B      0  263    0  320 0.911  81.0 121.0   7.0 -65.0
1994 512.500    7723 B      0   51    0   30 0.511  64.9 158.0  10.0 -28.0
1994 513.500    7722 B      0  422    0  350 0.797  79.1 121.0   7.0 -52.0
1994 513.500    7723 B      0   75    0   40 0.336  49.4 158.0  10.0 -15.0
1994 513.500    7724 B      0    0    0    0 0.182 251.5 183.0  -6.0  10.0
1994 513.500    7725 B      0   17    0   10 0.445  70.7 148.0   6.0 -25.0
1994 513.500    7726 A      0    0    0    0 0.911  80.0 108.0   8.0 -65.0
1994 514.500    7721 A      0    0    0    0 0.308 118.6 144.0 -11.0 -16.0
1994 514.500    7722 B      0  479    0  310 0.634  74.0 122.0   8.0 -38.0
1994 514.500    7723 B      0   58    0   30 0.221   8.9 158.0  10.0  -2.0
1994 514.500    7725 A      0    0    0    0 0.255  54.3 148.0   6.0 -12.0
1994 514.500    7726 A      0    0    0    0 0.800  76.7 108.0   9.0 -52.0
1994 515.500    7721 A      0    0    0    0 0.169 168.3 145.0 -12.0  -2.0
1994 515.500    7722 B      0  589    0  330 0.449  69.0 122.0   7.0 -25.0
1994 515.500    7723 B      0   57    0   30 0.297 316.5 159.0  10.0  12.0
1994 515.500    7726 A      0    0    0    0 0.637  72.6 109.0   9.0 -38.0
1994 516.500    7722 B      0  731    0  380 0.273  48.9 122.0   8.0 -12.0
1994 516.500    7723 A      0   17    0   10 0.454 285.9 160.0   5.0  26.0
1994 516.500    7725 A      0    0    0    0 0.191 305.4 143.0   4.0   9.0
1994 516.500    7726 A      0   17    0   10 0.453  62.2 110.0  10.0 -24.0
1994 517.500    7722 B      0  708    0  360 0.179 354.5 121.0   8.0   1.0
1994 517.500    7723 A      0    0    0    0 0.672 290.7 160.0  12.0  40.0
1994 517.500    7726 B      0   19    0   10 0.260  41.4 110.0   9.0 -10.0
1994 517.500    7727 B      0   22    0   30 0.925  80.4  53.0   8.0 -67.0
1994 518.500    7722 B      0  744    0  390 0.297 306.2 121.0   8.0  14.0
1994 518.500    7726 B      0   19    0   10 0.194 354.9 108.0   9.0   1.0
1994 518.500    7727 B      0  103    0   90 0.817  78.6  53.0   8.0 -54.0
1994 519.500    7722 B      0  608    0  350 0.495 290.1 122.0   8.0  28.0
1994 519.500    7727 B      0  137    0   90 0.645  75.0  55.0   8.0 -39.0
1994 520.500    7722 A      0  488    0  330 0.673 285.6 122.0   9.0  41.0
1994 520.500    7727 B      0  104    0   60 0.485  67.5  54.0   9.0 -27.0
1994 521.500    7722 B      0  381    0  340 0.828 282.2 122.0   9.0  55.0
1994 521.500    7727 B      0   95    0   50 0.293  54.7  53.0   8.0 -14.0
1994 522.500    7722 B      0  244    0  320 0.924 279.4 121.0   8.0  67.0
1994 522.500    7727 B      0   39    0   20 0.168   0.0  54.0   8.0   0.0
1994 523.500    7722 A      0   93    0  280 0.986 278.4 121.0   8.0  80.0
1994 523.500    7727 B      0   38    0   20 0.288 309.4  54.0   9.0  13.0
1994 524.500    7722 A      0   31    0  250 0.998 277.9 121.0   8.0  93.0
1994 524.500    7727 A      0    0    0    0 0.463 290.4  54.0   8.0  26.0
1994 525.500    7728 B      0   12    0   10 0.790  97.8 323.0  -7.0 -52.0
1994 526.500    7728 A      0    0    0    0 0.620  99.8 323.0  -7.0 -38.0
1994 6 6.500    7729 B      0   73    0   70 0.852 251.1 273.0 -16.0  57.0
1994 6 7.500    7729 B      0   68    0  100 0.939 252.8 271.0 -16.0  69.0
1994 6 7.500    7730 A      0   53    0  120 0.975  96.2 125.0  -6.0 -77.0
1994 6 7.500    7731 A      0   24    0   70 0.985  86.0 122.0   4.0 -80.0
1994 6 8.500    7729 B      0   35    0  120 0.989 253.8 270.0 -16.0  81.0
1994 6 8.500    7730 B      0  129    0  140 0.887 101.5 127.0 -10.0 -62.0
1994 6 8.500    7731 A      0   96    0  120 0.915  80.3 123.0   9.0 -66.0
1994 6 8.500    7732 B      0   35    0   20 0.477 250.2 216.0  -9.0  27.0
1994 6 9.500    7730 B      0  170    0  130 0.755 105.1 128.0 -11.0 -48.0
1994 6 9.500    7731 A      0  131    0  110 0.802  80.4 123.0   8.0 -53.0
1994 6 9.500    7732 B      0   44    0   30 0.668 255.9 217.0  -9.0  41.0
1994 6 9.500    7733 B      0   59    0   30 0.121  59.4 170.0   4.0  -6.0
1994 610.500    7730 B      0  206    0  130 0.610 109.0 127.0 -11.0 -36.0
1994 610.500    7731 B      0  182    0  120 0.650  78.3 123.0   8.0 -40.0
1994 610.500    7732 B      0   46    0   40 0.815 258.5 217.0  -9.0  54.0
1994 610.500    7733 B      0   99    0   50 0.135 296.1 170.0   4.0   7.0
1994 611.500    7730 B      0  145    0   80 0.413 116.6 128.0 -10.0 -22.0
1994 611.500    7731 B      0  159    0   90 0.467  74.1 123.0   8.0 -27.0
1994 611.500    7732 B      0   23    0   30 0.923 259.9 217.0  -9.0  67.0
1994 611.500    7733 B      0   55    0   30 0.365 282.0 171.0   5.0  21.0
1994 611.500    7734 B      0   39    0   20 0.219  13.5 147.0  13.0  -3.0
1994 612.500    7730 B      0  194    0  100 0.243 140.6 127.0 -10.0  -9.0
1994 612.500    7731 B      0  154    0   80 0.270  62.4 122.0   8.0 -14.0
1994 612.500    7732 A      0    0    0    0 0.988 260.8 217.0  -9.0  81.0
1994 612.500    7733 B      0   33    0   20 0.562 277.7 170.0   5.0  34.0
1994 612.500    7734 B      0   38    0   20 0.281 313.6 148.0  12.0  12.0
1994 612.500    7735 A      0   13    0   30 0.973 103.6  60.0 -13.0 -76.0
1994 613.500    7730 B      0   98    0   50 0.193 206.5 128.0  -9.0   5.0
1994 613.500    7731 B      0  158    0   80 0.124   8.0 122.0   8.0  -1.0
1994 613.500    7733 A      0    0    0    0 0.733 275.9 170.0   5.0  47.0
1994 613.500    7734 A      0   34    0   20 0.512 292.2 152.0  12.0  29.0
1994 613.500    7735 B      0  110    0  130 0.905 103.7  59.0 -12.0 -64.0
1994 614.500    7730 B      0   93    0   50 0.366 241.6 129.0  -9.0  19.0
1994 614.500    7731 B      0  135    0   70 0.248 304.0 122.0   9.0  12.0
1994 614.500    7733 B      0   10    0   10 0.866 275.2 170.0   5.0  60.0
1994 614.500    7734 B      0   14    0   10 0.683 286.5 152.0  12.0  42.0
1994 614.500    7735 B      0   85    0   70 0.793 107.3  59.0 -13.0 -51.0
1994 615.500    7730 B      0   16    0   10 0.569 250.4 130.0 -10.0  33.0
1994 615.500    7731 A      0  123    0   70 0.469 287.1 124.0   9.0  27.0
1994 615.500    7733 A      0    0    0    0 0.966 273.8 172.0   4.0  75.0
1994 615.500    7734 B      0  104    0   90 0.814 282.7 151.0  11.0  54.0
1994 615.500    7735 B      0   61    0   40 0.646 111.9  59.0 -13.0 -38.0
1994 616.500    7730 B      0   40    0   30 0.733 255.0 129.0 -10.0  46.0
1994 616.500    7731 B      0   77    0   50 0.635 281.0 122.0   8.0  39.0
1994 616.500    7734 B      0  147    0  190 0.922 281.4 150.0  11.0  67.0
1994 616.500    7735 B      0   53    0   30 0.466 121.7  59.0 -13.0 -24.0
1994 616.500    7736 A      0    0    0    0 0.897 102.9  20.0 -11.0 -63.0
1994 617.500    7730 A      0    9    0   10 0.874 256.6 130.0 -11.0  60.0
1994 617.500    7731 A      0   46    0   40 0.811 278.8 124.0   8.0  54.0
1994 617.500    7734 B      0   83    0  260 0.987 281.9 151.0  12.0  81.0
1994 617.500    7735 B      0   56    0   30 0.315 147.6  60.0 -14.0 -10.0
1994 618.500    7731 A      0   16    0   20 0.914 279.2 123.0   9.0  66.0
1994 618.500    7734 A      0    0    0   80 1.000 282.0 146.0  12.0  89.0
1994 618.500    7735 B      0   38    0   20 0.273 190.7  60.0 -14.0   3.0
1994 618.500    7737 A      0   10    0   10 0.860 106.1 359.0 -13.0 -58.0
1994 619.500    7731 A      0    0    0    0 0.984 278.8 124.0   9.0  80.0
1994 619.500    7735 B      0   18    0   10 0.346 227.1  59.0 -12.0  15.0
1994 619.500    7736 B      0   18    0   10 0.335 130.7  29.0 -11.0 -15.0
1994 619.500    7737 A      0    0    0    0 0.705 108.9   1.0 -12.0 -43.0
1994 619.500    7738 B      0   17    0   10 0.512 249.2  73.0  -9.0  29.0
1994 620.500    7737 B      0   16    0   10 0.555 114.9 359.0 -12.0 -31.0
1994 620.500    7739 B      0   18    0   10 0.401 112.0   8.0  -7.0 -22.0
1994 621.500    7736 B      0    0    0    0 0.323 198.1  23.0 -16.0   6.0
1994 621.500    7737 B      0   18    0   10 0.402 123.4 357.0 -11.0 -20.0
1994 622.500    7736 B      0   53    0   30 0.460 225.3  24.0 -17.0  20.0
1994 623.500    7736 B      0   47    0   30 0.612 238.3  24.0 -17.0  33.0
1994 623.500    7737 B      0   19    0   10 0.288 212.1 360.0 -12.0   9.0
1994 624.500    7736 B      0   51    0   40 0.762 243.9  23.0 -18.0  46.0
1994 624.500    7737 B      0   18    0   10 0.427 235.2 358.0 -12.0  21.0
1994 624.500    7740 B      0   14    0   10 0.688 248.4  18.0 -13.0  41.0
1994 625.500    7736 B      0    9    0   10 0.867 250.0  22.0 -16.0  58.0
1994 625.500    7737 B      0   15    0   10 0.610 246.8 359.0 -12.0  35.0
1994 625.500    7740 B      0   10    0   10 0.843 254.1  20.0 -12.0  56.0
1994 625.500    7741 B      0   19    0   10 0.210 278.1 336.0   4.0  12.0
1994 626.500    7740 B      0    6    0   10 0.941 255.2  20.0 -13.0  69.0
1994 626.500    7741 B      0   18    0   10 0.407 274.3 335.0   4.0  24.0
1994 627.500    7741 A      0    0    0    0 0.602 274.9 335.0   5.0  37.0
1994 627.500    7742 A      0   37    0   50 0.925  99.7 231.0  -8.0 -67.0
1994 628.500    7742 BD     0   92    0   80 0.818 101.7 231.0  -8.0 -54.0
1994 628.500    7743 A      0    0    0    0 0.926 100.9 218.0  -9.0 -67.0
1994 629.500    7742 BD     0  261    0  180 0.688 106.2 229.0  -9.0 -42.0
1994 629.500    7743 A      0   34    0   30 0.822 104.2 217.0 -10.0 -54.0
1994 630.500    7742 B      0  381    0  220 0.500 111.5 230.0  -8.0 -28.0
1994 630.500    7743 A      0   29    0   20 0.671 109.9 218.0 -11.0 -40.0
1994 630.500    7744 A      0    0    0    0 0.335 194.5 263.0 -16.0   5.0
1994 7 1.500    7742 B      0  417    0  220 0.316 130.9 231.0  -9.0 -14.0
1994 7 1.500    7743 A      0   17    0   10 0.498 116.2 218.0 -10.0 -27.0
1994 7 1.500    7744 A      0    0    0    0 0.467 248.8 271.0  -7.0  26.0
1994 7 2.500    7742 B      0  390    0  200 0.213 170.7 230.0  -9.0  -2.0
1994 7 2.500    7743 A      0    0    0    0 0.328 137.7 219.0 -11.0 -13.0
1994 7 2.500    7745 B      0   19    0   10 0.260  66.5 218.0   9.0 -14.0
1994 7 2.500    7746 A      0   58    0  110 0.964  79.4 157.0  11.0 -75.0
1994 7 3.500    7742 B      0  344    0  180 0.294 224.2 230.0  -9.0  12.0
1994 7 3.500    7743 A      0    0    0    0 0.229 180.0 218.0 -10.0   0.0
1994 7 3.500    7745 A      0    0    0    0 0.102   9.8 217.0   9.0  -1.0
1994 7 3.500    7746 A      0  103    0  110 0.882  79.3 156.0  11.0 -62.0
1994 7 4.500    7742 B      0  193    0  110 0.473 241.5 230.0 -10.0  25.0
1994 7 4.500    7745 B      0   19    0   10 0.238 290.3 218.0   8.0  13.0
1994 7 4.500    7746 A      0  227    0  170 0.744  79.6 157.0  10.0 -48.0
1994 7 5.500    7742 B      0  148    0  100 0.670 250.9 232.0 -10.0  40.0
1994 7 5.500    7746 B      0  310    0  190 0.578  77.6 157.0  10.0 -35.0
1994 7 6.500    7742 B      0  118    0  100 0.804 254.8 231.0 -10.0  52.0
1994 7 6.500    7746 B      0  387    0  210 0.387  72.5 157.0  10.0 -22.0
1994 7 6.500    7747 B      0   15    0   10 0.634 122.5 145.0 -17.0 -34.0
1994 7 7.500    7742 A      0   39    0   50 0.920 258.6 231.0  -9.0  66.0
1994 7 7.500    7746 B      0  312    0  160 0.214  53.0 155.0  11.0 -10.0
1994 7 7.500    7747 B      0   70    0   40 0.469 132.4 144.0 -15.0 -21.0
1994 7 7.500    7748 A      0    0    0    0 0.406 254.1 188.0  -3.0  23.0
1994 7 7.500    7749 B      0   38    0   20 0.230 162.5 161.0  -9.0  -4.0
1994 7 8.500    7742 A      0   17    0   50 0.984 260.1 231.0  -9.0  79.0
1994 7 8.500    7746 B      0  257    0  130 0.143 331.5 156.0  11.0   4.0
1994 7 8.500    7747 B      0  187    0  100 0.348 157.3 144.0 -15.0  -8.0
1994 7 8.500    7749 B      0  115    0   60 0.279 217.9 162.0  -9.0  10.0
1994 7 9.500    7746 B      0  283    0  150 0.329 292.8 156.0  11.0  18.0
1994 7 9.500    7747 B      0   93    0   50 0.344 200.0 146.0 -15.0   7.0
1994 7 9.500    7749 B      0   87    0   50 0.478 245.4 163.0  -8.0  26.0
1994 710.500    7746 B      0  221    0  130 0.525 286.5 157.0  12.0  31.0
1994 710.500    7747 B      0   88    0   50 0.461 225.8 146.0 -15.0  20.0
1994 710.500    7749 B      0   90    0   60 0.652 252.9 165.0  -8.0  39.0
1994 710.500    7750 B      0   28    0   20 0.710 242.7 167.0 -16.0  41.0
1994 710.500    7751 B      0   31    0   30 0.847 106.8  70.0 -12.0 -56.0
1994 711.500    7746 BD     0  197    0  140 0.708 281.5 157.0  11.0  45.0
1994 711.500    7747 A      0   44    0   30 0.677 240.9 150.0 -16.0  38.0
1994 711.500    7749 B      0   90    0   80 0.823 256.1 166.0  -9.0  54.0
1994 711.500    7750 B      0   92    0   90 0.859 247.4 168.0 -17.0  56.0
1994 711.500    7751 B      0   42    0   30 0.704 111.6  70.0 -12.0 -42.0
1994 711.500    7753 A      0    0    0    0 0.930 104.6  45.0 -12.0 -67.0
1994 712.500    7746 BD     0  479    0  450 0.846 280.4 157.0  11.0  58.0
1994 712.500    7747 A      0   34    0   30 0.822 247.2 151.0 -16.0  52.0
1994 712.500    7749 A      0   24    0   40 0.950 260.2 170.0  -8.0  71.0
1994 712.500    7750 B      0   45    0   70 0.946 251.5 168.0 -16.0  69.0
1994 712.500    7751 B      0   34    0   20 0.520 121.4  72.0 -12.0 -27.0
1994 712.500    7753 B      0   23    0   20 0.811 108.1  47.0 -12.0 -52.0
1994 713.500    7746 B      0   59    0   90 0.943 281.2 157.0  12.0  71.0
1994 713.500    7747 A      0   15    0   20 0.923 250.7 151.0 -16.0  65.0
1994 713.500    7749 A      0    4    0   20 0.994 261.4 169.0  -8.0  83.0
1994 713.500    7750 B      0    7    0   40 0.995 253.4 169.0 -16.0  83.0
1994 713.500    7751 B      0   37    0   20 0.376 137.6  71.0 -12.0 -15.0
1994 713.500    7753 B      0   29    0   20 0.670 113.2  47.0 -12.0 -39.0
1994 714.500    7746 A      0   10    0   40 0.991 280.5 156.0  11.0  83.0
1994 714.500    7747 B      0   13    0   20 0.945 253.5 142.0 -14.0  69.0
1994 714.500    7749 A      0    1    0   10 0.997 262.3 167.0  -8.0  94.0
1994 714.500    7751 B      0   18    0   10 0.315 180.0  73.0 -14.0   0.0
1994 714.500    7753 B      0   34    0   20 0.509 122.6  47.0 -12.0 -26.0
1994 714.500    7754 B      0   19    0   10 0.167 314.1  80.0  11.0   7.0
1994 714.500    7755 B      0   14    0   10 0.667 275.6 115.0   7.0  42.0
1994 715.500    7751 B      0   18    0   10 0.357 218.0  73.0 -12.0  13.0
1994 715.500    7753 B      0   55    0   30 0.370 143.7  47.0 -13.0 -13.0
1994 715.500    7754 B      0   37    0   20 0.356 289.4  80.0  11.0  20.0
1994 715.500    7756 B      0   58    0   60 0.874 106.4   1.0 -12.0 -59.0
1994 716.500    7751 B      0   34    0   20 0.523 238.1  73.0 -12.0  27.0
1994 716.500    7753 B      0   38    0   20 0.286 183.4  47.0 -12.0   1.0
1994 716.500    7754 B      0   33    0   20 0.563 282.9  80.0  11.0  34.0
1994 716.500    7756 B      0   52    0   40 0.754 111.6   0.0 -13.0 -46.0
1994 716.500    7757 B      0   53    0  100 0.963  77.8 331.0  13.0 -75.0
1994 717.500    7751 A      0   14    0   10 0.695 247.4  74.0 -12.0  41.0
1994 717.500    7753 A      0    0    0    0 0.391 223.6  49.0 -12.0  16.0
1994 717.500    7754 B      0   13    0   10 0.732 282.1  80.0  12.0  47.0
1994 717.500    7756 B      0   64    0   40 0.599 117.2   0.0 -12.0 -33.0
1994 717.500    7757 B      0  151    0  160 0.880  77.7 331.0  13.0 -62.0
1994 718.500    7751 A      0    0    0    0 0.840 252.4  75.0 -12.0  55.0
1994 718.500    7753 A      0    0    0    0 0.562 240.4  50.0 -12.0  30.0
1994 718.500    7754 B      0   10    0   10 0.864 282.3  80.0  13.0  60.0
1994 718.500    7756 B      0   54    0   30 0.426 131.7   1.0 -12.0 -19.0
1994 718.500    7757 B      0  209    0  160 0.755  76.9 331.0  13.0 -49.0
1994 718.500    7758 A      0    0    0    0 0.925 105.0 314.0 -12.0 -66.0
1994 719.500    7756 B      0   19    0   10 0.307 160.5   1.0 -12.0  -6.0
1994 719.500    7757 B      0  270    0  170 0.607  74.9 330.0  13.0 -37.0
1994 719.500    7758 A      0   22    0   20 0.822 108.2 314.0 -12.0 -53.0
1994 720.500    7756 B      0   38    0   20 0.308 199.4 359.0 -12.0   6.0
1994 720.500    7757 B      0  312    0  170 0.393  68.1 331.0  13.0 -22.0
1994 720.500    7758 A      0   14    0   10 0.678 115.2 314.0 -13.0 -39.0
1994 721.500    7756 A      0    0    0    0 0.429 227.9 359.0 -12.0  19.0
1994 721.500    7757 B      0  334    0  170 0.183  48.0 332.0  12.0  -8.0
1994 721.500    7758 A      0    0    0    0 0.534 124.1 313.0 -13.0 -27.0
1994 722.500    7757 B      0  296    0  150 0.148 324.7 332.0  12.0   5.0
1994 722.500    7758 B      0    0    0    0 0.423 143.7 312.0 -15.0 -15.0
1994 723.500    7757 B      0  281    0  150 0.347 293.9 333.0  13.0  19.0
1994 724.500    7757 B      0  270    0  160 0.535 284.2 332.0  12.0  32.0
1994 725.500    7757 B      0  198    0  140 0.706 281.6 332.0  12.0  45.0
1994 726.500    7757 A      0  135    0  130 0.853 280.8 333.0  12.0  59.0
1994 726.500    7758 A      0    0    0    0 0.708 244.0 315.0 -14.0  41.0
1994 727.500    7757 A      0   90    0  150 0.953 279.8 334.0  11.0  73.0
1994 727.500    7758 A      0    0    0    0 0.856 250.0 317.0 -14.0  56.0
1994 728.500    7757 A      0   16    0   90 0.996 280.6 334.0  11.0  86.0
1994 728.500    7759 B      0   16    0   10 0.586  90.9 212.0   4.0 -36.0
1994 729.500    7759 A      0    0    0    0 0.374  93.4 212.0   4.0 -22.0
1994 730.500    7759 A      0    0    0    0 0.179 104.9 211.0   3.0 -10.0
1994 730.500    7760 B      0   12    0   10 0.780 257.6 271.0  -6.0  50.0
1994 731.500    7760 B      0   17    0   20 0.900 259.3 271.0  -7.0  63.0
1994 8 1.500    7759 A      0    0    0    0 0.296 261.1 212.0   3.0  17.0
1994 8 1.500    7760 A      0    0    0    0 0.978 261.5 272.0  -7.0  77.0
1994 8 1.500    7761 A      0    0    0    0 0.196 195.4 198.0  -5.0   3.0
1994 8 2.500    7761 A      0    0    0    0 0.332 235.9 197.0  -5.0  16.0
1994 8 2.500    7762 B      0   26    0   40 0.943  85.7 110.0   6.0 -71.0
1994 8 3.500    7762 B      0  161    0  160 0.863  86.6 108.0   6.0 -60.0
1994 8 4.500    7762 B      0  139    0  100 0.716  87.5 109.0   6.0 -46.0
1994 8 5.500    7762 B      0  152    0   90 0.527  88.5 110.0   6.0 -32.0
1994 8 6.500    7762 B      0  190    0  100 0.307  89.7 111.0   6.0 -18.0
1994 8 7.500    7762 B      0  199    0  100 0.073 107.6 111.0   5.0  -4.0
1994 8 8.500    7762 B      0  196    0  100 0.174 262.8 112.0   5.0  10.0
1994 8 9.500    7762 B      0  163    0   90 0.421 268.1 114.0   5.0  25.0
1994 810.500    7762 B      0  173    0  110 0.614 268.2 114.0   4.0  38.0
1994 810.500    7763 A      0    0    0    0 0.435 221.0  93.0 -13.0  17.0
1994 811.500    7762 B      0  123    0  100 0.786 270.0 114.0   4.0  52.0
1994 811.500    7763 A      0    0    0    0 0.587 239.1  93.0 -12.0  31.0
1994 811.500    7764 A      0   45    0   60 0.926  98.1 355.0  -5.0 -67.0
1994 812.500    7762 A      0   78    0  100 0.919 271.5 116.0   4.0  67.0
1994 812.500    7764 A      0   56    0   50 0.825 103.2 355.0  -7.0 -54.0
1994 812.500    7765 BG     0  128    0   70 0.402 137.7  33.0 -11.0 -16.0
1994 813.500    7762 A      0   28    0   90 0.987 273.0 117.0   4.0  81.0
1994 813.500    7764 A      0  119    0   80 0.667 106.7 356.0  -6.0 -40.0
1994 813.500    7765 BG     0  323    0  170 0.304 173.5  34.0 -11.0  -2.0
1994 814.500    7762 A      0   10    0   70 0.997 276.6 118.0   6.0  95.0
1994 814.500    7764 A      0   87    0   50 0.490 112.7 356.0  -5.0 -27.0
1994 814.500    7765 BGD    0  639    0  340 0.341 213.4  34.0 -10.0  11.0
1994 814.500    7766 B      0   41    0   30 0.715  82.5 337.0  10.0 -46.0
1994 815.500    7764 A      0   76    0   40 0.312 134.1 357.0  -6.0 -13.0
1994 815.500    7765 BG     0  414    0  240 0.505 232.0  34.0 -12.0  24.0
1994 815.500    7766 B      0   33    0   20 0.527  81.8 338.0  10.0 -32.0
1994 816.500    7764 A      0   97    0   50 0.221 184.5 357.0  -6.0   1.0
1994 816.500    7765 B      0  268    0  180 0.666 245.1  34.0 -11.0  38.0
1994 816.500    7766 B      0   37    0   20 0.325  81.9 337.0   9.0 -19.0
1994 816.500    7767 B      0   25    0   20 0.764 113.4 310.0 -13.0 -46.0
1994 817.500    7764 A      0   75    0   40 0.313 225.7 356.0  -6.0  13.0
1994 817.500    7765 B      0  218    0  190 0.819 250.2  35.0 -12.0  52.0
1994 817.500    7766 B      0   19    0   10 0.079  60.7 339.0   9.0  -4.0
1994 817.500    7767 A      0   16    0   10 0.589 121.2 312.0 -12.0 -31.0
1994 817.500    7768 B      0   13    0   10 0.722 115.4 301.0 -13.0 -42.0
1994 818.500    7764 A      0   34    0   20 0.498 245.1 357.0  -6.0  27.0
1994 818.500    7765 B      0  103    0  140 0.929 254.1  36.0 -12.0  66.0
1994 818.500    7767 B      0   53    0   30 0.460 133.4 310.0 -12.0 -20.0
1994 818.500    7768 B      0   33    0   20 0.562 125.5 302.0 -13.0 -28.0
1994 819.500    7764 A      0   14    0   10 0.681 253.5 358.0  -6.0  41.0
1994 819.500    7765 B      0   38    0  100 0.981 256.3  34.0 -12.0  77.0
1994 819.500    7767 B      0   75    0   40 0.339 162.4 311.0 -12.0  -6.0
1994 819.500    7768 B      0   18    0   10 0.411 145.0 303.0 -13.0 -14.0
1994 820.500    7764 A      0   22    0   20 0.833 258.0 358.0  -6.0  55.0
1994 820.500    7765 A      0    0    0   50 1.000 257.1  33.0 -13.0  90.0
1994 820.500    7767 B      0  130    0   70 0.366 201.8 311.0 -13.0   8.0
1994 820.500    7768 B      0   18    0   10 0.341 177.1 302.0 -13.0  -1.0
1994 821.500    7764 A      0    7    0   10 0.936 258.7 358.0  -8.0  68.0
1994 821.500    7767 B      0   52    0   30 0.484 229.2 312.0 -12.0  22.0
1994 821.500    7768 B      0   18    0   10 0.434 215.4 305.0 -14.0  15.0
1994 822.500    7767 A      0   29    0   20 0.662 239.5 313.0 -14.0  36.0
1994 823.500    7767 A      0    0    0    0 0.651 238.8 299.0 -14.0  35.0
1994 823.500    7769 A      0    0    0    0 0.726 277.1 311.0  10.0  47.0
1994 823.500    7770 B      0  103    0   70 0.673 108.5 224.0  -7.0 -40.0
1994 824.500    7767 A      0    0    0    0 0.793 244.9 299.0 -15.0  48.0
1994 824.500    7768 B      0   10    0   10 0.853 248.8 306.0 -14.0  55.0
1994 824.500    7769 A      0    0    0    0 0.860 277.5 311.0  10.0  60.0
1994 824.500    7770 B      0  103    0   60 0.500 119.7 225.0  -8.0 -26.0
1994 825.500    7770 B      0   75    0   40 0.330 141.3 225.0  -8.0 -12.0
1994 826.500    7770 B      0   38    0   20 0.263 187.6 226.0  -8.0   2.0
1994 827.500    7770 B      0   18    0   10 0.352 223.0 225.0  -8.0  14.0
1994 828.500    7770 A      0    0    0    0 0.521 239.4 225.0  -9.0  27.0
1994 828.500    7771 A      0   25    0   50 0.967  83.6 122.0   8.0 -76.0
1994 829.500    7771 A      0   57    0   60 0.879  85.9 123.0   7.0 -62.0
1994 829.500    7772 B      0   17    0   10 0.494 170.6 180.0 -22.0  -5.0
1994 830.500    7771 A      0  103    0   80 0.761  86.9 121.0   7.0 -50.0
1994 830.500    7772 B      0   16    0   10 0.536 200.9 183.0 -23.0  12.0
1994 830.500    7773 B      0  161    0  270 0.954 101.8 100.0  -9.0 -71.0
1994 831.500    7771 A      0  145    0   90 0.585  89.7 122.0   6.0 -36.0
1994 831.500    7772 B      0   47    0   30 0.619 217.2 182.0 -23.0  24.0
1994 831.500    7773 B      0  444    0  470 0.881 103.1  98.0  -8.0 -60.0
1994 9 1.500    7771 A      0  128    0   70 0.389  91.7 122.0   6.0 -23.0
1994 9 1.500    7772 B      0   13    0   10 0.744 231.6 184.0 -22.0  39.0
1994 9 1.500    7773 B      0  589    0  460 0.768 106.7  97.0  -8.0 -48.0
1994 9 2.500    7771 A      0  137    0   70 0.174  96.4 122.0   6.0 -10.0
1994 9 2.500    7772 A      0    0    0    0 0.873 238.5 186.0 -23.0  54.0
1994 9 2.500    7773 B      0  759    0  480 0.611 111.4  97.0  -7.0 -35.0
1994 9 2.500    7774 B      0   13    0   10 0.726  81.7  85.0  11.0 -47.0
1994 9 2.500    7775 A      0    0    0    0 0.950  77.6  59.0  14.0 -73.0
1994 9 2.500    7776 A      0   53    0  120 0.975  98.9  56.0  -7.0 -76.0
1994 9 3.500    7771 A      0  159    0   80 0.073 253.0 122.0   6.0   4.0
1994 9 3.500    7772 A      0    6    0   10 0.948 241.7 184.0 -24.0  66.0
1994 9 3.500    7773 BG     0  903    0  500 0.428 123.7  97.0  -7.0 -21.0
1994 9 3.500    7774 B      0   33    0   20 0.528  78.9  86.0  12.0 -32.0
1994 9 3.500    7775 A      0    0    0    0 0.868  75.7  57.0  16.0 -61.0
1994 9 3.500    7776 A      0  164    0  230 0.934  99.3  50.0  -6.0 -68.0
1994 9 4.500    7771 A      0  133    0   70 0.291 266.8 122.0   6.0  17.0
1994 9 4.500    7773 B      0  900    0  470 0.288 155.3  98.0  -8.0  -7.0
1994 9 4.500    7774 B      0   56    0   30 0.325  80.3  86.0  10.0 -19.0
1994 9 4.500    7775 A      0    0    0    0 0.740  74.9  57.0  16.0 -48.0
1994 9 4.500    7776 B      0  287    0  270 0.847 104.2  49.0  -8.0 -56.0
1994 9 5.500    7771 A      0  104    0   60 0.497 269.4 122.0   6.0  30.0
1994 9 5.500    7773 BG     0  841    0  440 0.292 197.1  97.0  -9.0   5.0
1994 9 5.500    7774 B      0   59    0   30 0.084  54.9  88.0  10.0  -4.0
1994 9 5.500    7776 B      0  390    0  220 0.462 123.2  69.0  -8.0 -23.0
1994 9 5.500    7777 B      0   17    0   10 0.507 225.8 114.0 -14.0  22.0
1994 9 6.500    7771 A      0   86    0   60 0.691 271.1 123.0   6.0  44.0
1994 9 6.500    7773 B      0  733    0  400 0.400 230.0  97.0  -8.0  18.0
1994 9 6.500    7774 B      0   78    0   40 0.173 275.0  89.0   8.0  10.0
1994 9 6.500    7776 B      0  433    0  260 0.553 116.4  49.0  -8.0 -30.0
1994 9 7.500    7771 A      0   77    0   70 0.835 272.4 123.0   6.0  57.0
1994 9 7.500    7773 B      0  478    0  290 0.566 244.3  97.0  -8.0  31.0
1994 9 7.500    7774 B      0  148    0   80 0.375 281.4  88.0  11.0  22.0
1994 9 7.500    7776 B      0  500    0  270 0.376 133.4  50.0  -8.0 -16.0
1994 9 7.500    7777 A      0    0    0    0 0.802 249.1 116.0 -12.0  50.0
1994 9 8.500    7771 A      0   48    0   70 0.937 273.7 122.0   6.0  70.0
1994 9 8.500    7773 B      0  349    0  260 0.740 250.8  97.0  -9.0  45.0
1994 9 8.500    7774 B      0   98    0   60 0.570 278.9  87.0  11.0  35.0
1994 9 8.500    7776 B      0  442    0  230 0.276 161.8  47.0  -8.0  -5.0
1994 9 9.500    7771 A      0   15    0   80 0.995 275.3 124.0   6.0  85.0
1994 9 9.500    7773 B      0  153    0  180 0.904 257.6 102.0  -8.0  63.0
1994 9 9.500    7774 B      0   38    0   30 0.771 278.3  90.0  11.0  51.0
1994 9 9.500    7776 B      0  436    0  230 0.313 213.4  49.0  -8.0  10.0
1994 910.500    7773 B      0   57    0  100 0.958 259.4  98.0  -8.0  72.0
1994 910.500    7774 A      0    0    0    0 0.915 278.9  93.0  11.0  67.0
1994 910.500    7776 A      0  337    0  190 0.462 236.8  49.0  -8.0  23.0
1994 911.500    7773 B      0    8    0   90 0.999 263.3 105.0  -7.0  92.0
1994 911.500    7774 A      0    0    0    0 0.984 279.9  94.0  11.0  81.0
1994 911.500    7775 A      0    0    0    0 0.611 278.6  51.0  11.0  38.0
1994 911.500    7776 A      0  287    0  190 0.654 248.8  51.0  -8.0  38.0
1994 911.500    7778 B      0   11    0   10 0.814 257.3  66.0  -6.0  53.0
1994 912.500    7776 A      0  221    0  180 0.789 254.0  50.0  -8.0  50.0
1994 912.500    7778 A      0    0    0    0 0.928 260.5  67.0  -6.0  67.0
1994 913.500    7776 A      0  121    0  160 0.925 263.7  53.0  -3.0  67.0
1994 914.500    7776 A      0   37    0  120 0.988 260.7  53.0  -8.0  80.0
1994 915.500    7776 A      0   10    0  120 0.999 262.3  52.0  -8.0  92.0
1994 916.500    7779 A      0    0    0    0 0.435  62.9 283.0  18.0 -24.0
1994 917.500    7779 B      0   58    0   30 0.252  46.5 283.0  17.0 -11.0
1994 918.500    7779 B      0   39    0   20 0.175 349.0 282.0  17.0   2.0
1994 918.500    7780 B      0   29    0   60 0.970 262.0 355.0  -6.0  75.0
1994 919.500    7779 B      0   18    0   10 0.331 302.4 284.0  17.0  17.0
1994 919.500    7780 B      0    0    0   30 1.000 265.8 355.0  -4.0  88.0
1994 922.500    7781 B      0   38    0   20 0.285 154.9 221.0  -8.0  -7.0
1994 923.500    7781 B      0   57    0   30 0.284 205.1 221.0  -8.0   7.0
1994 924.500    7781 B      0   72    0   40 0.412 235.4 221.0  -7.0  20.0
1994 925.500    7781 B      0   80    0   50 0.597 248.4 222.0  -7.0  34.0
1994 925.500    7782 A      0   15    0   10 0.605 264.2 225.0   2.0  37.0
1994 926.500    7781 B      0   92    0   70 0.753 254.4 222.0  -7.0  47.0
1994 926.500    7782 B      0   26    0   20 0.743 267.8 223.0   3.0  48.0
1994 926.500    7783 A      0   31    0   60 0.966  99.2 101.0  -7.0 -74.0
1994 927.500    7781 B      0   37    0   40 0.885 259.5 223.0  -6.0  61.0
1994 927.500    7782 A      0   17    0   20 0.898 270.0 226.0   3.0  64.0
1994 927.500    7783 A      0   48    0   50 0.872 103.2 103.0  -8.0 -59.0
1994 928.500    7781 B      0   25    0   50 0.966 260.9 223.0  -7.0  74.0
1994 928.500    7782 A      0    0    0    0 0.981 271.7 227.0   3.0  79.0
1994 928.500    7783 A      0   95    0   70 0.731 106.2 103.0  -7.0 -45.0
1994 929.500    7781 B      0    2    0   30 0.999 262.7 222.0  -7.0  87.0
1994 929.500    7783 A      0  131    0   80 0.570 112.7 103.0  -7.0 -32.0
1994 930.500    7783 A      0   91    0   50 0.406 127.5 103.0  -8.0 -19.0
1994 930.500    7784 A      0   59    0   90 0.944  96.6  52.0  -4.0 -70.0
199410 1.500    7783 A      0  135    0   70 0.257 156.2 103.0  -7.0  -6.0
199410 1.500    7784 A      0  133    0  130 0.858  99.9  51.0  -5.0 -58.0
199410 2.500    7783 A      0  115    0   60 0.267 215.7 105.0  -6.0   9.0
199410 2.500    7784 A      0  124    0   90 0.724 103.4  51.0  -5.0 -45.0
199410 3.500    7783 A      0   91    0   50 0.409 236.2 102.0  -7.0  20.0
199410 3.500    7784 A      0  167    0  100 0.545 109.7  51.0  -5.0 -31.0
199410 4.500    7783 A      0   81    0   50 0.582 248.3 102.0  -7.0  33.0
199410 4.500    7784 A      0  203    0  110 0.384 117.2  49.0  -4.0 -20.0
199410 4.500    7785 A      0   38    0   20 0.264 160.9  64.0  -8.0  -5.0
199410 5.500    7783 A      0   52    0   40 0.752 254.8 103.0  -7.0  47.0
199410 5.500    7784 A      0  174    0   90 0.239 154.2  50.0  -6.0  -6.0
199410 5.500    7785 B      0   38    0   20 0.299 207.4  64.0  -9.0   8.0
199410 5.500    7786 B      0   21    0   30 0.931 252.2 122.0 -14.0  66.0
199410 5.500    7787 B      0    7    0   10 0.929  81.8 347.0  10.0 -69.0
199410 6.500    7783 A      0   28    0   30 0.877 258.4 103.0  -7.0  60.0
199410 6.500    7784 B      0  212    0  110 0.260 207.7  50.0  -7.0   7.0
199410 6.500    7785 B      0   90    0   50 0.425 232.6  63.0  -9.0  20.0
199410 6.500    7786 B      0    3    0   10 0.987 256.7 122.0 -12.0  79.0
199410 6.500    7787 B      0   58    0   50 0.814  82.2 348.0  10.0 -55.0
199410 7.500    7783 A      0   27    0   50 0.962 259.8 103.0  -8.0  73.0
199410 7.500    7784 B      0  164    0   90 0.407 236.6  50.0  -7.0  20.0
199410 7.500    7785 B      0   63    0   40 0.610 244.5  64.0 -10.0  34.0
199410 7.500    7787 B      0  104    0   70 0.666  80.5 348.0  11.0 -42.0
199410 7.500    7788 A      0    0    0    0 0.869  94.8 330.0  -1.0 -60.0
199410 8.500    7783 A      0    3    0   20 0.997 262.5 101.0  -7.0  85.0
199410 8.500    7784 B      0  144    0   90 0.594 249.2  50.0  -7.0  34.0
199410 8.500    7785 B      0   51    0   40 0.761 251.2  63.0 -10.0  47.0
199410 8.500    7787 B      0  192    0  110 0.483  82.7 347.0   9.0 -29.0
199410 9.500    7784 A      0  103    0   80 0.762 255.4  51.0  -7.0  48.0
199410 9.500    7785 B      0   56    0   60 0.880 256.3  63.0  -9.0  60.0
199410 9.500    7787 B      0  154    0   80 0.261  78.4 348.0   9.0 -15.0
199410 9.500    7789 B      0  112    0  160 0.936  82.7 293.0   9.0 -70.0
19941010.500    7784 A      0   83    0   90 0.885 258.8  51.0  -7.0  61.0
19941010.500    7785 B      0   65    0  120 0.962 259.9  63.0  -8.0  73.0
19941010.500    7787 B      0  219    0  110 0.061  34.4 348.0   9.0  -2.0
19941010.500    7789 B      0  198    0  190 0.853  84.4 291.0   8.0 -59.0
19941011.500    7784 A      0   25    0   50 0.966 260.0  51.0  -8.0  74.0
19941011.500    7785 B      0    0    0   40 1.000 258.7  64.0 -11.0  87.0
19941011.500    7787 B      0  116    0   60 0.229 283.7 350.0   9.0  13.0
19941011.500    7789 B      0  260    0  180 0.691  84.7 293.0   8.0 -44.0
19941011.500    7790 A      0   33    0   70 0.971  79.1 260.0  12.0 -77.0
19941012.500    7784 A      0    1    0   20 0.999 261.7  51.0  -8.0  87.0
19941012.500    7787 A      0   92    0   50 0.389 276.4 347.0   8.0  23.0
19941012.500    7788 A      0    0    0    0 0.184 229.1 332.0  -1.0   8.0
19941012.500    7789 B      0  245    0  140 0.483  82.2 295.0   9.0 -29.0
19941012.500    7790 B      0  240    0  300 0.916  79.5 257.0  12.0 -67.0
19941013.500    7787 A      0   46    0   30 0.639 275.4 351.0   8.0  40.0
19941013.500    7788 A      0    0    0    0 0.411 251.7 334.0  -2.0  23.0
19941013.500    7789 B      0  303    0  160 0.314  75.9 293.0  10.0 -18.0
19941013.500    7790 B      0  553    0  490 0.825  77.1 255.0  14.0 -56.0
19941014.500    7787 A      0   11    0   10 0.805 275.6 351.0   8.0  54.0
19941014.500    7788 B      0   31    0   20 0.623 261.0 335.0  -1.0  38.0
19941014.500    7789 B      0  278    0  140 0.102  57.2 292.0   9.0  -5.0
19941014.500    7790 B      0  684    0  460 0.668  78.5 255.0  12.0 -42.0
19941015.500    7787 A      0    0    0    0 0.917 276.2 351.0   8.0  67.0
19941015.500    7788 B      0   24    0   20 0.792 264.3 336.0  -1.0  52.0
19941015.500    7789 B      0  216    0  110 0.181 288.7 294.0   9.0  10.0
19941015.500    7790 B      0  759    0  430 0.470  79.5 256.0  10.0 -28.0
19941016.500    7788 A      0    0    0    0 0.929 265.6 339.0  -2.0  68.0
19941016.500    7789 B      0  237    0  130 0.409 281.8 294.0  10.0  24.0
19941016.500    7790 B      0  804    0  420 0.287  70.4 255.0  11.0 -16.0
19941017.500    7788 A      0    0    0    0 0.991 267.2 340.0  -2.0  82.0
19941017.500    7789 A      0  166    0  110 0.654 278.8 299.0  10.0  41.0
19941017.500    7790 B      0  477    0  240 0.107  28.6 255.0  11.0  -3.0
19941018.500    7789 B      0   99    0   80 0.784 278.4 297.0  10.0  52.0
19941018.500    7790 B      0  409    0  210 0.226 295.5 257.0  11.0  12.0
19941018.500    7791 B      0   30    0   20 0.660 246.4 283.0 -11.0  38.0
19941018.500    7792 B      0   48    0   70 0.939  98.5 176.0  -6.0 -69.0
19941019.500    7789 A      0   80    0  110 0.930 277.5 300.0   9.0  69.0
19941019.500    7790 B      0  340    0  190 0.443 283.9 257.0  11.0  26.0
19941019.500    7791 B      0   94    0   80 0.805 250.8 282.0 -12.0  51.0
19941019.500    7792 B      0  294    0  280 0.850 101.7 174.0  -7.0 -57.0
19941020.500    7789 A      0   33    0   90 0.983 278.2 298.0   9.0  80.0
19941020.500    7790 B      0  264    0  170 0.629 280.9 257.0  11.0  39.0
19941020.500    7791 A      0   47    0   70 0.940 254.1 286.0 -13.0  68.0
19941020.500    7792 B      0  316    0  240 0.752 105.6 171.0  -8.0 -47.0
19941021.500    7790 B      0  247    0  200 0.785 278.6 257.0  10.0  52.0
19941021.500    7791 B      0   20    0   70 0.989 256.0 285.0 -13.0  80.0
19941021.500    7792 B      0  263    0  160 0.567 112.4 173.0  -8.0 -32.0
19941022.500    7790 B      0  190    0  230 0.910 279.7 258.0  11.0  66.0
19941022.500    7792 B      0  203    0  110 0.379 126.2 174.0  -8.0 -18.0
19941022.500    7793 A      0    0    0    0 0.208  95.2 180.0   4.0 -12.0
19941023.500    7790 B      0   52    0  120 0.976 279.1 257.0  10.0  78.0
19941023.500    7792 B      0  135    0   70 0.249 155.4 173.0  -8.0  -6.0
19941024.500    7790 B      0    0    0   60 1.000 281.0 255.0  11.0  90.0
19941024.500    7792 B      0   96    0   50 0.263 211.6 173.0  -8.0   8.0
19941025.500    7792 B      0   53    0   30 0.438 237.6 174.0  -9.0  22.0
19941025.500    7794 B      0   87    0  130 0.942  74.8  81.0  16.0 -71.0
19941026.500    7792 B      0   47    0   30 0.605 250.0 174.0  -8.0  35.0
19941026.500    7794 B      0  231    0  230 0.864  75.4  79.0  15.0 -60.0
19941026.500    7795 B      0   14    0   10 0.677 121.7 102.0 -17.0 -37.0
19941026.500    7796 B      0   13    0   10 0.745 102.5  92.0  -6.0 -47.0
19941026.500    7797 A      0   32    0   50 0.946 101.2  69.0  -9.0 -70.0
19941027.500    7792 B      0   12    0   10 0.761 255.3 174.0  -8.0  48.0
19941027.500    7794 B      0  398    0  300 0.748  72.8  78.0  16.0 -48.0
19941027.500    7795 B      0   17    0   10 0.512 132.8 103.0 -16.0 -23.0
19941027.500    7796 B      0   16    0   10 0.555 108.2  94.0  -6.0 -32.0
19941027.500    7797 A      0   62    0   60 0.854 104.7  69.0 -10.0 -57.0
19941028.500    7792 B      0    9    0   10 0.886 257.3 174.0  -9.0  61.0
19941028.500    7794 B      0  532    0  330 0.590  69.0  78.0  16.0 -35.0
19941028.500    7795 B      0   18    0   10 0.389 154.6 103.0 -16.0 -10.0
19941028.500    7796 B      0   36    0   20 0.392 120.1  93.0  -7.0 -20.0
19941028.500    7797 A      0   55    0   40 0.722 108.6  69.0 -10.0 -44.0
19941029.500    7794 B      0  588    0  320 0.393  61.7  78.0  15.0 -21.0
19941029.500    7796 B      0   58    0   30 0.225 152.5  93.0  -7.0  -6.0
19941029.500    7797 B      0   81    0   50 0.580 116.2  67.0 -11.0 -32.0
19941029.500    7798 A      0   43    0  100 0.976 103.4  23.0 -12.0 -76.0
19941030.500    7794 B      0  548    0  280 0.204  35.4  79.0  14.0  -7.0
19941030.500    7796 B      0   38    0   20 0.255 212.7  94.0  -8.0   8.0
19941030.500    7797 B      0   92    0   50 0.389 132.5  69.0 -11.0 -17.0
19941030.500    7798 A      0  149    0  160 0.884 107.2  26.0 -13.0 -60.0
19941030.500    7799 B      0    0    0    0 0.529 227.3 110.0 -17.0  24.0
19941031.500    7794 B      0  430    0  220 0.206 324.9  80.0  14.0   7.0
19941031.500    7796 B      0   35    0   20 0.439 241.8  96.0  -8.0  23.0
19941031.500    7797 B      0   76    0   40 0.299 160.0  67.0 -12.0  -6.0
19941031.500    7798 A      0  171    0  130 0.753 111.5  27.0 -13.0 -46.0
19941031.500    7799 B      0   14    0   10 0.690 238.1 111.0 -18.0  38.0
199411 1.500    7794 B      0  355    0  190 0.354 296.2  79.0  13.0  19.0
199411 1.500    7796 A      0    0    0    0 0.632 250.2  97.0  -9.0  37.0
199411 1.500    7797 B      0   76    0   40 0.310 206.0  68.0 -12.0   8.0
199411 1.500    7798 A      0  206    0  130 0.609 116.0  26.0 -12.0 -34.0
199411 1.500    7799 A      0    0    0    0 0.848 248.2 115.0 -16.0  55.0
199411 2.500    7794 B      0  252    0  150 0.542 287.7  79.0  13.0  32.0
199411 2.500    7797 B      0   54    0   30 0.430 227.5  66.0 -13.0  19.0
199411 2.500    7798 B      0  265    0  150 0.466 128.4  25.0 -13.0 -22.0
199411 2.500    7799 A      0    6    0   10 0.941 251.3 115.0 -16.0  68.0
199411 3.500    7794 B      0  110    0   80 0.723 284.2  80.0  13.0  46.0
199411 3.500    7797 A      0   32    0   20 0.595 243.6  67.0 -12.0  33.0
199411 3.500    7798 A      0  209    0  110 0.307 153.7  26.0 -12.0  -8.0
199411 3.500    7799 A      0    0    0    0 0.997 253.6 118.0 -16.0  84.0
199411 4.500    7794 B      0   42    0   40 0.847 281.7  78.0  12.0  58.0
199411 4.500    7797 A      0   12    0   10 0.769 250.9  68.0 -12.0  48.0
199411 4.500    7798 A      0  229    0  120 0.292 200.5  26.0 -12.0   6.0
199411 5.500    7794 A      0   15    0   20 0.918 279.3  74.0  10.0  67.0
199411 5.500    7797 A      0    9    0   10 0.890 253.3  68.0 -13.0  61.0
199411 5.500    7798 A      0  162    0   90 0.427 228.0  26.0 -13.0  19.0
199411 5.500    7800 A      0   39    0   50 0.919  78.6 300.0  12.0 -67.0
199411 6.500    7794 A      0    6    0   20 0.986 280.5  75.0  11.0  81.0
199411 6.500    7797 A      0    5    0   10 0.967 255.5  68.0 -13.0  74.0
199411 6.500    7798 A      0  129    0   80 0.586 241.7  26.0 -13.0  32.0
199411 6.500    7800 A      0   45    0   40 0.819  77.9 299.0  12.0 -55.0
199411 7.500    7798 A      0  105    0   80 0.753 247.9  27.0 -14.0  46.0
199411 7.500    7800 A      0   44    0   30 0.676  74.6 299.0  13.0 -42.0
199411 8.500    7798 A      0   58    0   60 0.875 251.9  27.0 -14.0  59.0
199411 8.500    7800 A      0   87    0   50 0.485  71.3 300.0  12.0 -28.0
199411 8.500    7801 A      0    0    0    0 0.967  94.0 253.0  -3.0 -75.0
199411 9.500    7798 A      0   15    0   30 0.964 253.4  27.0 -15.0  73.0
199411 9.500    7800 A      0   57    0   30 0.304  56.1 299.0  13.0 -15.0
199411 9.500    7801 B      0    0    0    0 0.885  95.2 252.0  -3.0 -62.0
19941110.500    7800 A      0   39    0   20 0.139  14.3 299.0  11.0  -2.0
19941110.500    7801 B      0    0    0    0 0.762  99.4 252.0  -5.0 -49.0
19941110.500    7802 A      0    0    0    0 0.604 104.4 265.0  -6.0 -36.0
19941110.500    7803 A      0    0    0    0 0.717 116.2 259.0 -16.0 -42.0
19941111.500    7800 A      0   38    0   20 0.256 307.3 300.0  12.0  12.0
19941111.500    7801 A      0    0    0    0 0.579  97.9 253.0  -2.0 -35.0
19941111.500    7802 A      0    0    0    0 0.418 111.7 265.0  -6.0 -23.0
19941111.500    7804 A      0    0    0    0 0.126  74.9 281.0   5.0  -7.0
19941112.500    7800 A      0    0    0    0 0.429 292.0 299.0  12.0  24.0
19941112.500    7801 A      0    0    0    0 0.430 101.1 250.0  -2.0 -25.0
19941112.500    7803 A      0    0    0    0 0.364 143.2 262.0 -14.0 -13.0
19941112.500    7804 A      0    0    0    0 0.157 276.4 284.0   4.0   9.0
19941112.500    7805 A      0    0    0    0 0.408 175.4 273.0 -21.0  -2.0
19941112.500    7806 A      0    0    0    0 0.865  83.7 215.0   7.0 -60.0
19941113.500    7806 A      0    0    0    0 0.754  84.6 213.0   6.0 -49.0
19941114.500    7806 A      0    0    0    0 0.560  83.4 215.0   6.0 -34.0
19941115.500    7807 A      0    0    0    0 0.587 245.2 268.0 -12.0  33.0
19941116.500    7806 B      0    0    0    0 0.159  60.6 214.0   7.0  -8.0
19941116.500    7807 A      0    0    0    0 0.740 252.6 268.0 -11.0  46.0
19941116.500    7808 A      0    0    0    0 0.311 241.8 238.0  -6.0  16.0
19941117.500    7807 B      0   28    0   30 0.884 256.2 270.0 -11.0  61.0
19941117.500    7809 B      0   43    0   30 0.690 260.1 252.0  -5.0  43.0
19941118.500    7807 B      0   22    0   40 0.961 256.8 269.0 -12.0  73.0
19941118.500    7809 B      0   32    0   30 0.844 261.4 253.0  -6.0  57.0
19941119.500    7807 B      0    1    0   10 0.996 255.7 267.0 -14.0  84.0
19941119.500    7809 A      0    0    0    0 0.953 261.9 255.0  -7.0  72.0
19941120.500    7809 A      0    0    0    0 0.998 264.8 255.0  -5.0  86.0
19941120.500    7810 A      0    7    0   20 0.981  78.2  90.0  12.0 -79.0
19941121.500    7810 A      0   22    0   30 0.928  76.8  88.0  13.0 -68.0
19941122.500    7810 A      0   57    0   50 0.815  75.3  89.0  13.0 -54.0
19941123.500    7810 A      0   29    0   20 0.674  70.9  89.0  14.0 -41.0
19941124.500    7810 B      0   34    0   20 0.513  66.9  88.0  13.0 -29.0
19941125.500    7810 A      0    0    0    0 0.358  52.4  87.0  14.0 -17.0
19941125.500    7811 B      0   75    0   40 0.317 180.0 104.0 -17.0   0.0
19941125.500    7812 B      0   18    0   10 0.377 138.5  89.0 -15.0 -15.0
19941126.500    7810 A      0    0    0    0 0.205   9.5  88.0  13.0  -2.0
19941126.500    7811 BG     0  167    0   90 0.363 210.1 101.0 -17.0  11.0
19941127.500    7811 BG     0  172    0  100 0.510 232.5 102.0 -17.0  25.0
19941128.500    7811 BG     0  119    0   80 0.664 242.5 102.0 -17.0  38.0
19941128.500    7812 A      0    0    0    0 0.509 232.6  89.0 -17.0  25.0
19941129.500    7811 B      0   48    0   40 0.793 247.6 101.0 -17.0  50.0
19941129.500    7812 A      0    0    0    0 0.682 245.0  91.0 -16.0  40.0
19941130.500    7811 B      0   49    0   70 0.935 251.5 106.0 -17.0  68.0
199412 1.500    7811 B      0   32    0  100 0.987 252.6 104.0 -17.0  80.0
199412 2.500    7811 A      0    0    0    0 1.000 252.0 102.0 -18.0  91.0
199412 3.500    7813 A      0   12    0   30 0.979  98.3 280.0  -8.0 -78.0
199412 4.500    7813 B      0   61    0   80 0.923  99.9 278.0  -9.0 -67.0
199412 5.500    7813 B      0  154    0  130 0.803 100.1 279.0  -8.0 -53.0
199412 6.500    7813 B      0   76    0   50 0.639 102.7 280.0  -8.0 -39.0
199412 7.500    7813 B      0  123    0   70 0.470 107.1 278.0  -8.0 -27.0
199412 7.500    7814 B      0   24    0   20 0.781 108.0 255.0 -14.0 -50.0
199412 8.500    7813 A      0   39    0   20 0.219 128.3 282.0  -8.0 -10.0
199412 8.500    7814 B      0   45    0   30 0.644 111.8 254.0 -14.0 -38.0
199412 8.500    7815 B      0   17    0   20 0.894 100.0 229.0  -9.0 -63.0
199412 9.500    7813 A      0   39    0   20 0.138 194.5 281.0  -8.0   2.0
199412 9.500    7814 B      0   52    0   30 0.474 120.0 254.0 -14.0 -25.0
199412 9.500    7815 B      0  161    0  130 0.784 102.5 228.0 -10.0 -51.0
19941210.500    7813 B      0   38    0   20 0.296 239.8 281.0  -9.0  15.0
19941210.500    7814 B      0   75    0   40 0.320 137.1 253.0 -14.0 -13.0
19941210.500    7815 B      0  441    0  280 0.616 105.8 229.0 -10.0 -37.0
19941211.500    7813 A      0   17    0   10 0.526 255.6 284.0  -8.0  31.0
19941211.500    7814 B      0   58    0   30 0.216 184.5 254.0 -13.0   1.0
19941211.500    7815 B      0  750    0  410 0.404 114.0 231.0 -10.0 -22.0
19941211.500    7816 A      0    0    0    0 0.168 124.3 245.0  -6.0  -8.0
19941212.500    7813 A      0    0    0    0 0.712 259.4 285.0  -8.0  45.0
19941212.500    7814 B      0   18    0   10 0.340 223.4 254.0 -15.0  14.0
19941212.500    7815 B      0 1302    0  670 0.236 139.3 231.0 -11.0  -9.0
19941213.500    7814 B      0   17    0   10 0.497 242.5 253.0 -14.0  27.0
19941213.500    7815 B      0 1419    0  720 0.167 197.9 229.0 -10.0   3.0
19941214.500    7814 A      0    0    0    0 0.701 250.8 256.0 -14.0  43.0
19941214.500    7815 BG     0 1215    0  640 0.314 239.8 229.0 -10.0  16.0
19941215.500    7815 BG     0  995    0  570 0.488 251.2 228.0 -10.0  28.0
19941216.500    7815 BG     0  791    0  540 0.680 255.1 229.0 -11.0  42.0
19941217.500    7815 BG     0  511    0  440 0.814 257.4 228.0 -11.0  54.0
19941217.500    7817 A      0   95    0  140 0.940  87.4 104.0   2.0 -70.0
19941217.500    7818 A      0   13    0   20 0.941 104.4 104.0 -14.0 -70.0
19941218.500    7815 B      0  260    0  350 0.928 257.7 228.0 -12.0  68.0
19941218.500    7817 B      0  190    0  180 0.848  87.9 102.0   1.0 -58.0
19941218.500    7818 A      0    0    0    0 0.837 107.0 104.0 -15.0 -56.0
19941218.500    7819 A      0    0    0    0 0.414 290.5 183.0   7.0  23.0
19941219.500    7815 B      0   39    0  140 0.990 258.1 229.0 -12.0  82.0
19941219.500    7817 B      0  250    0  180 0.719  89.9 101.0  -1.0 -46.0
19941219.500    7818 A      0    0    0    0 0.701 109.9 104.0 -15.0 -43.0
19941220.500    7817 B      0  335    0  200 0.544  91.0 101.0  -2.0 -33.0
19941220.500    7818 A      0    0    0    0 0.529 118.2 105.0 -16.0 -29.0
19941221.500    7817 B      0  285    0  150 0.309  87.6 103.0  -1.0 -18.0
19941222.500    7817 B      0  299    0  150 0.078  63.9 104.0   0.0  -4.0
19941222.500    7818 A      0    0    0    0 0.231 167.4 105.0 -15.0  -3.0
19941222.500    7820 B      0   13    0   10 0.725 278.8 154.0   5.0  46.0
19941223.500    7817 B      0  315    0  160 0.158 276.8 104.0  -1.0   9.0
19941223.500    7818 B      0   18    0   10 0.313 219.7 107.0 -16.0  12.0
19941223.500    7820 A      0    9    0   10 0.876 274.6 156.0   3.0  61.0
19941224.500    7817 B      0  241    0  130 0.375 272.8 103.0  -1.0  22.0
19941224.500    7818 A      0   17    0   10 0.454 252.1 107.0 -10.0  26.0
19941224.500    7821 B      0   17    0   10 0.498 106.4  52.0 -10.0 -29.0
19941225.500    7817 B      0  196    0  120 0.574 271.6 103.0  -1.0  35.0
19941225.500    7818 B      0   15    0   10 0.653 248.0 107.0 -16.0  39.0
19941225.500    7821 B      0   19    0   10 0.303 116.4  52.0 -10.0 -16.0
19941226.500    7817 B      0  144    0  110 0.755 272.1 104.0   0.0  49.0
19941226.500    7818 B      0   24    0   20 0.796 253.0 107.0 -15.0  52.0
19941226.500    7821 B      0   39    0   20 0.141 158.6  52.0 -10.0  -3.0
19941227.500    7817 B      0   46    0   60 0.921 272.2 109.0   1.0  67.0
19941227.500    7818 A      0    8    0   10 0.914 255.8 108.0 -14.0  66.0
19941227.500    7821 B      0   19    0   10 0.228 235.3  53.0 -10.0  11.0
19941228.500    7817 A      0    9    0   50 0.995 271.3 113.0   1.0  84.0
19941228.500    7818 A      0    3    0   10 0.981 259.3 108.0 -11.0  79.0
19941228.500    7821 B      0   18    0   10 0.421 251.9  53.0 -10.0  24.0
19941229.500    7817 B      0    5    0   20 0.990 271.6 114.0   2.0  98.0
19941229.500    7818 B      0    0    0   10 0.999 258.9 109.0 -11.0  93.0
19941229.500    7821 B      0   31    0   20 0.621 257.4  54.0 -10.0  38.0
19941230.500    7821 A      0   13    0   10 0.756 259.3  51.0 -10.0  49.0
