1997 1 4.500    8009 B      0   19    0   10 0.091 286.7  13.0  -2.0   5.0
1997 1 5.500    8009 B      0   38    0   20 0.309 271.4  13.0  -3.0  18.0
1997 1 6.500    8009 B      0   16    0   10 0.529 268.4  14.0  -4.0  32.0
1997 1 7.500    8009 A      0    0    0    0 0.693 266.8  13.0  -5.0  44.0
1997 1 9.500    8010 B      0   19    0   20 0.876 318.0 350.0  38.0  48.0
1997 110.500    8010 B      0   20    0   30 0.942 313.0 350.0  38.0  61.0
1997 111.500    8010 B      0    7    0   20 0.982 305.8 350.0  34.0  74.0
1997 115.500    8011 B      0   55    0   30 0.390  94.4 199.0  -6.0 -23.0
1997 116.500    8011 B      0   39    0   20 0.173  91.7 199.0  -5.0 -10.0
1997 117.500    8011 A      0    0    0    0 0.072 253.9 200.0  -6.0   4.0
1997 118.500    8011 A      0    0    0    0 0.292 265.7 200.0  -6.0  17.0
1997 118.500    8012 B      0    0    0    0 0.555  17.9 172.0  27.0 -11.0
1997 118.500    8013 A      0    0    0    0 0.909 123.0 119.0 -32.0 -64.0
1997 124.500    8014 B      0   21    0   20 0.845 101.9  46.0 -13.0 -58.0
1997 125.500    8014 A      0    0    0    0 0.706 101.4  45.0 -12.0 -45.0
1997 126.500    8014 B      0    0    0    0 0.580 106.3  42.0 -14.0 -35.0
1997 127.500    8014 A      0    0    0    0 0.433 115.5  40.0 -16.0 -24.0
1997 128.500    8014 A      0    0    0    0 0.221 136.8  42.0 -15.0  -9.0
1997 129.500    8015 B      0   32    0   20 0.579  69.1   5.0   7.0 -33.0
1997 130.500    8015 B      0   55    0   30 0.373  66.3   4.0   3.0 -20.0
1997 131.500    8015 B      0   19    0   10 0.226  32.5   4.0   5.0  -7.0
1997 2 1.500    8015 B      0   38    0   20 0.223 321.5   7.0   4.0   8.0
1997 2 2.500    8015 B      0   54    0   30 0.417 296.5   8.0   5.0  22.0
1997 2 2.500    8016 B      0   53    0   30 0.438 127.0 324.0 -21.0 -22.0
1997 2 3.500    8015 B      0  189    0  120 0.611 286.6   9.0   5.0  36.0
1997 2 3.500    8016 B      0  114    0   60 0.295 150.3 324.0 -21.0  -9.0
1997 2 4.500    8015 B      0  175    0  140 0.779 281.6  10.0   5.0  50.0
1997 2 4.500    8016 B      0   57    0   30 0.262 194.4 324.0 -21.0   4.0
1997 2 5.500    8015 B      0  101    0  120 0.906 278.6  10.0   5.0  64.0
1997 2 5.500    8016 A      0   55    0   30 0.377 230.3 324.0 -20.0  18.0
1997 2 6.500    8015 B      0   38    0  100 0.981 277.4  11.0   6.0  78.0
1997 2 6.500    8016 A      0    0    0    0 0.557 243.3 325.0 -20.0  32.0
1997 2 6.500    8017 A      0    0    0    0 0.939 311.0 353.0  35.0  60.0
1997 2 7.500    8015 B      0    0    0   20 1.000 274.0  10.0   4.0  90.0
1997 2 7.500    8016 A      0    0    0    0 0.713 249.7 325.0 -19.0  45.0
1997 2 7.500    8017 B      0    3    0   10 0.981 305.6 352.0  33.0  72.0
1997 2 8.500    8016 A      0    0    0    0 0.846 250.4 325.0 -20.0  58.0
1997 2 9.500    8016 A      0    0    0    0 0.939 252.1 325.0 -19.0  71.0
1997 218.500    8018 B      0   18    0   20 0.884 285.2 195.0  10.0  60.0
1997 219.500    8018 A      0    4    0   10 0.974 276.8 198.0   5.0  76.0
1997 224.500    8019 A      0    9    0   10 0.886  56.9   1.0  25.0 -55.0
1997 225.500    8019 B      0   12    0   10 0.778  48.0   3.0  26.0 -40.0
1997 3 6.500    8020 A      0   62    0  120 0.966  81.8 210.0   6.0 -74.0
1997 3 7.500    8020 B      0   89    0  100 0.895  78.4 210.0   7.0 -62.0
1997 3 8.500    8020 A      0  142    0  110 0.763  75.8 211.0   6.0 -48.0
1997 3 8.500    8021 A      0   14    0   10 0.713 125.6 217.0 -30.0 -42.0
1997 3 9.500    8020 B      0   98    0   60 0.567  68.3 213.0   6.0 -32.0
1997 3 9.500    8021 B      0   16    0   10 0.583 131.4 215.0 -29.0 -30.0
1997 310.500    8020 B      0   89    0   50 0.454  58.7 209.0   7.0 -23.0
1997 311.500    8020 B      0   57    0   30 0.281  29.5 211.0   7.0  -8.0
1997 312.500    8020 B      0   57    0   30 0.260 340.5 211.0   7.0   5.0
1997 313.500    8020 B      0   36    0   20 0.411 308.4 212.0   8.0  19.0
1997 314.500    8020 A      0   16    0   10 0.565 295.6 211.0   8.0  31.0
1997 314.500    8021 B      0   15    0   10 0.605 230.0 212.0 -29.0  32.0
1997 314.500    8022 B      0   56    0   30 0.358 274.7 201.0  -5.0  21.0
1997 315.500    8020 A      0   13    0   10 0.721 286.9 192.0   7.0  44.0
1997 315.500    8021 B      0   13    0   10 0.746 234.3 192.0 -31.0  45.0
1997 315.500    8022 B      0   16    0   10 0.559 273.5 189.0  -4.0  34.0
1997 316.500    8021 A      0    0    0    0 0.831 234.8 207.0 -33.0  54.0
1997 316.500    8022 B      0   41    0   30 0.730 271.2 200.0  -4.0  47.0
1997 317.500    8022 B      0   29    0   30 0.873 269.4 201.0  -4.0  61.0
1997 318.500    8022 B      0    0    0    0 0.953 265.9 200.0  -6.0  73.0
1997 318.500    8023 A      0    0    0    0 0.374 260.8 149.0 -10.0  22.0
1997 320.500    8024 B      0    0    0    0 0.078 296.6 104.0  -5.0   4.0
1997 320.500    8025 A      0    0    0    0 0.882 302.0 155.0  24.0  55.0
1997 327.500    8026 B      0   24    0   40 0.950 114.2 294.0 -25.0 -73.0
1997 328.500    8026 B      0   82    0   80 0.857 114.0 295.0 -24.0 -59.0
1997 329.500    8026 B      0  135    0  100 0.736 116.7 295.0 -24.0 -46.0
1997 330.500    8026 B      0  227    0  140 0.584 124.6 296.0 -25.0 -32.0
1997 331.500    8026 B      0  161    0   90 0.438 134.4 294.0 -24.0 -20.0
1997 4 1.500    8026 B      0  131    0   70 0.337 160.9 294.0 -25.0  -7.0
1997 4 2.500    8026 BG     0  133    0   70 0.304 186.0 290.0 -24.0   2.0
1997 4 2.500    8027 B      0   25    0   50 0.968 119.4 211.0 -30.0 -77.0
1997 4 3.500    8026 BG     0  166    0   90 0.375 219.4 290.0 -23.0  15.0
1997 4 3.500    8027 B      0   61    0   70 0.899 117.0 211.0 -27.0 -64.0
1997 4 4.500    8026 BG     0  139    0   80 0.489 232.7 287.0 -23.0  25.0
1997 4 4.500    8027 B      0   95    0   80 0.800 121.8 211.0 -29.0 -51.0
1997 4 5.500    8026 B      0   43    0   30 0.680 242.6 289.0 -23.0  41.0
1997 4 5.500    8027 B      0  103    0   70 0.670 125.7 210.0 -28.0 -38.0
1997 4 6.500    8026 A      0   12    0   10 0.796 245.7 287.0 -23.0  52.0
1997 4 6.500    8027 B      0   85    0   50 0.523 136.6 211.0 -28.0 -24.0
1997 4 7.500    8027 B      0   54    0   30 0.417 153.9 210.0 -28.0 -12.0
1997 4 8.500    8027 B      0   37    0   20 0.374 180.0 209.0 -28.0   0.0
1997 4 8.500    8028 A      0   12    0   10 0.762 265.9 259.0  -7.0  50.0
1997 4 9.500    8027 B      0   18    0   10 0.426 207.8 209.0 -28.0  13.0
1997 4 9.500    8029 B      0   32    0   20 0.577 329.0 215.0  24.0  19.0
1997 410.500    8027 A      0    0    0    0 0.557 226.1 210.0 -28.0  27.0
1997 410.500    8029 B      0  184    0  130 0.703 313.4 217.0  24.0  34.0
1997 410.500    8030 A      0    0    0    0 0.576 298.7 214.0  11.0  31.0
1997 411.500    8027 B      0   14    0   10 0.683 234.4 208.0 -28.0  39.0
1997 411.500    8029 B      0  156    0  130 0.799 306.1 214.0  24.0  45.0
1997 412.500    8029 B      0   51    0   60 0.904 300.0 215.0  24.0  59.0
1997 412.500    8031 B      0   29    0   20 0.674 230.6 193.0 -30.0  37.0
1997 413.500    8029 B      0   12    0   30 0.978 296.1 217.0  24.0  74.0
1997 413.500    8031 B      0   72    0   60 0.797 236.3 193.0 -30.0  50.0
1997 414.500    8029 A      0    0    0    0 0.999 294.4 215.0  24.0  85.0
1997 414.500    8031 B      0   88    0  100 0.897 240.3 193.0 -29.0  63.0
1997 414.500    8032 B      0   17    0   10 0.438 134.0 110.0 -23.0 -20.0
1997 415.500    8031 B      0   77    0  170 0.974 240.4 195.0 -30.0  78.0
1997 415.500    8032 BG     0   76    0   40 0.300 161.2 111.0 -22.0  -6.0
1997 416.500    8031 B      0   19    0  110 0.996 240.3 190.0 -30.0  87.0
1997 416.500    8032 B      0  132    0   70 0.314 204.3 111.0 -22.0   8.0
1997 417.500    8032 B      0   53    0   30 0.452 226.9 111.0 -23.0  21.0
1997 417.500    8033 B      0   15    0   10 0.605  22.0  75.0  29.0 -15.0
1997 418.500    8032 B      0   15    0   10 0.606 238.2 111.0 -23.0  34.0
1997 419.500    8034 A      0   17    0   10 0.508 329.6  80.0  21.0  16.0
1997 422.500    8035 B      0    7    0   10 0.920  69.2 320.0  17.0 -64.0
1997 423.500    8035 B      0    0    0    0 0.821  64.1 320.0  18.0 -51.0
1997 424.500    8035 B      0    0    0    0 0.660  55.7 323.0  18.0 -35.0
1997 425.500    8035 B      0    0    0    0 0.531  44.4 322.0  18.0 -23.0
1997 426.500    8035 B      0   18    0   10 0.416  23.4 322.0  18.0 -10.0
1997 426.500    8036 B      0   31    0   20 0.611 246.2   8.0 -18.0  36.0
1997 427.500    8036 B      0   38    0   30 0.765 248.8   7.0 -19.0  49.0
1997 428.500    8036 B      0   25    0   30 0.906 251.0   8.0 -19.0  65.0
1997 429.500    8036 A      0    0    0    0 0.988 254.4  14.0 -16.0  82.0
1997 5 3.500    8037 B      0   16    0   10 0.592 229.4 269.0 -26.0  30.0
1997 5 4.500    8037 A      0    0    0    0 0.725 238.5 269.0 -25.0  43.0
1997 5 5.500    8038 A      0   68    0  120 0.958  68.9 142.0  19.0 -71.0
1997 5 6.500    8038 A      0   85    0   90 0.879  65.0 142.0  20.0 -58.0
1997 5 7.500    8038 A      0   89    0   70 0.766  60.2 142.0  20.0 -45.0
1997 5 8.500    8038 A      0  129    0   80 0.587  46.2 146.0  21.0 -27.0
1997 5 8.500    8039 B      0   15    0   10 0.654 311.7 205.0  23.0  32.0
1997 5 9.500    8038 B      0  154    0   90 0.517  38.1 140.0  21.0 -20.0
1997 510.500    8038 A      0  144    0   80 0.423  15.6 139.0  21.0  -7.0
1997 510.500    8039 A      0   10    0   10 0.839 300.1 198.0  23.0  52.0
1997 511.500    8038 A      0  145    0   80 0.418 346.5 139.0  21.0   6.0
1997 511.500    8039 B      0    7    0   10 0.930 296.2 198.0  23.0  65.0
1997 512.500    8038 A      0  103    0   60 0.504 322.9 139.0  21.0  19.0
1997 513.500    8038 B      0  110    0   70 0.616 308.2 137.0  20.0  31.0
1997 514.500    8038 B      0   92    0   70 0.752 299.7 137.0  20.0  44.0
1997 515.500    8038 B      0   48    0   50 0.876 294.5 138.0  20.0  58.0
1997 516.500    8038 B      0   18    0   30 0.953 293.0 137.0  21.0  70.0
1997 516.500    8040 A      0   11    0   10 0.834  81.2  11.0   6.0 -56.0
1997 517.500    8038 A      0    0    0    0 0.994 294.5 136.0  24.0  82.0
1997 517.500    8040 B      0   15    0   10 0.660  82.8  13.0   3.0 -41.0
1997 517.500    8041 B      0    0    0    0 0.419  75.3  30.0   4.0 -24.0
1997 517.500    8042 A      0    0    0    0 0.791  55.5   8.0  25.0 -46.0
1997 518.500    8040 B      0  104    0   60 0.487  73.5  13.0   6.0 -28.0
1997 518.500    8041 A      0    0    0    0 0.211  47.6  32.0   6.0  -9.0
1997 519.500    8040 B      0  212    0  110 0.255  61.4  14.0   5.0 -13.0
1997 519.500    8043 B      0   26    0   20 0.752 311.0  67.0  28.0  40.0
1997 519.500    8044 A      0   12    0   30 0.979 125.4 310.0 -35.0 -77.0
1997 520.500    8040 B      0  178    0   90 0.121   0.0  14.0   5.0   0.0
1997 520.500    8043 B      0   30    0   30 0.857 304.6  67.0  28.0  53.0
1997 520.500    8044 A      0   22    0   30 0.927 128.4 310.0 -36.0 -64.0
1997 521.500    8040 B      0  270    0  140 0.262 301.2  14.0   6.0  13.0
1997 521.500    8043 B      0   59    0   90 0.944 300.6  68.0  28.0  67.0
1997 521.500    8044 A      0   20    0   20 0.856 129.3 308.0 -34.0 -53.0
1997 521.500    8045 B      0   19    0   10 0.067   0.0   1.0   2.0   0.0
1997 522.500    8040 B      0  267    0  150 0.451 284.6  14.0   5.0  26.0
1997 522.500    8043 B      0   16    0   60 0.990 297.6  68.0  27.0  80.0
1997 522.500    8044 A      0   25    0   20 0.780 135.4 306.0 -35.0 -42.0
1997 522.500    8045 B      0   38    0   20 0.234 285.9   1.0   2.0  13.0
1997 523.500    8040 B      0  208    0  140 0.667 282.4  16.0   7.0  41.0
1997 523.500    8044 A      0   29    0   20 0.674 145.2 307.0 -35.0 -28.0
1997 523.500    8045 B      0   17    0   10 0.475 279.3   3.0   3.0  28.0
1997 523.500    8046 A      0    0    0    0 0.932 117.4 268.0 -26.0 -67.0
1997 524.500    8040 B      0  128    0  110 0.813 278.5  15.0   6.0  54.0
1997 524.500    8044 A      0   31    0   20 0.603 156.6 304.0 -35.0 -17.0
1997 524.500    8045 B      0   14    0   10 0.683 273.1   4.0   1.0  43.0
1997 524.500    8046 A      0   10    0   10 0.839 119.1 267.0 -25.0 -54.0
1997 525.500    8040 B      0   67    0  100 0.942 279.0  18.0   8.0  70.0
1997 525.500    8044 A      0   16    0   10 0.542 173.9 304.0 -34.0  -4.0
1997 525.500    8045 B      0   11    0   10 0.831 274.5   4.0   3.0  56.0
1997 525.500    8046 A      0   13    0   10 0.730 126.8 267.0 -27.0 -41.0
1997 526.500    8040 A      0    6    0   50 0.998 278.1  21.0   8.0  86.0
1997 526.500    8045 B      0   20    0   30 0.940 273.6   5.0   3.0  70.0
1997 526.500    8046 B      0   31    0   20 0.605 136.2 267.0 -27.0 -28.0
1997 527.500    8045 B      0    3    0   20 0.996 272.1   7.0   2.0  85.0
1997 527.500    8046 B      0   17    0   10 0.474 152.7 268.0 -26.0 -14.0
1997 527.500    8047 B      0    6    0   10 0.945  61.9 214.0  26.0 -68.0
1997 528.500    8046 A      0   17    0   10 0.439 182.0 270.0 -27.0   1.0
1997 528.500    8047 B      0   20    0   20 0.862  58.7 214.0  26.0 -55.0
1997 529.500    8046 A      0    0    0    0 0.492 210.2 272.0 -26.0  16.0
1997 529.500    8047 B      0   63    0   50 0.769  54.3 212.0  26.0 -44.0
1997 530.500    8047 B      0   45    0   30 0.653  44.7 211.0  27.0 -31.0
1997 530.500    8048 A      0    0    0    0 0.859 122.6 187.0 -28.0 -55.0
1997 530.500    8049 A      0    0    0    0 0.501 148.4 225.0 -26.0 -17.0
1997 531.500    8047 B      0   33    0   20 0.547  32.0 210.0  27.0 -19.0
1997 531.500    8048 B      0   39    0   30 0.746 129.8 188.0 -29.0 -41.0
1997 6 1.500    8047 B      0   35    0   20 0.464  15.6 208.0  26.0  -8.0
1997 6 1.500    8048 B      0   77    0   50 0.630 139.3 188.0 -29.0 -28.0
1997 6 2.500    8047 A      0    0    0    0 0.449 352.0 206.0  26.0   4.0
1997 6 2.500    8048 B      0  205    0  120 0.517 153.7 187.0 -28.0 -15.0
1997 6 3.500    8048 B      0  265    0  150 0.467 174.3 186.0 -28.0  -3.0
1997 6 4.500    8048 B      0  189    0  110 0.507 203.0 188.0 -28.0  13.0
1997 6 5.500    8048 B      0  195    0  120 0.580 218.6 186.0 -27.0  24.0
1997 6 6.500    8048 B      0  154    0  110 0.710 228.5 186.0 -28.0  37.0
1997 6 7.500    8048 B      0  101    0   90 0.824 235.1 186.0 -28.0  50.0
1997 6 8.500    8048 B      0   22    0   30 0.929 239.5 188.0 -28.0  65.0
1997 6 8.500    8050 A      0    0    0    0 0.866  58.6  67.0  27.0 -56.0
1997 6 8.500    8051 A      0    0    0    0 0.382 337.5 132.0  21.0   9.0
1997 6 9.500    8048 B      0    5    0   20 0.989 241.6 190.0 -28.0  80.0
1997 6 9.500    8050 A      0    0    0    0 0.756  53.5  67.0  27.0 -43.0
1997 610.500    8050 A      0   15    0   10 0.639  43.7  66.0  28.0 -30.0
1997 611.500    8050 A      0   16    0   10 0.527  29.3  65.0  28.0 -17.0
1997 612.500    8050 B      0   35    0   20 0.475   5.5  66.0  29.0  -3.0
1997 612.500    8052 B      0   29    0   20 0.676  65.3  29.0  17.0 -40.0
1997 613.500    8050 A      0    0    0    0 0.495 342.1  66.0  29.0  10.0
1997 613.500    8052 B      0   51    0   30 0.516  57.3  29.0  17.0 -27.0
1997 614.500    8050 B      0   16    0   10 0.573 325.1  65.0  29.0  22.0
1997 614.500    8052 B      0   55    0   30 0.372  38.2  29.0  18.0 -14.0
1997 615.500    8050 A      0    0    0    0 0.671 312.6  63.0  28.0  34.0
1997 615.500    8052 B      0   57    0   30 0.292   6.5  27.0  18.0  -2.0
1997 616.500    8050 A      0    0    0    0 0.790 308.0  62.0  30.0  46.0
1997 616.500    8052 B      0  131    0   70 0.341 327.8  27.0  18.0  11.0
1997 617.500    8050 A      0    0    0    0 0.890 299.9  63.0  27.0  60.0
1997 617.500    8052 B      0   52    0   30 0.491 308.4  27.0  19.0  24.0
1997 618.500    8052 B      0   29    0   20 0.665 295.8  29.0  18.0  39.0
1997 618.500    8053 B      0   30    0   20 0.660 135.9 319.0 -27.0 -31.0
1997 619.500    8053 B      0   33    0   20 0.532 150.4 320.0 -26.0 -17.0
1997 620.500    8053 A      0   17    0   10 0.490 169.0 317.0 -27.0  -6.0
1997 620.500    8054 A      0    0    0    0 0.951 276.8  35.0   7.0  72.0
1997 621.500    8053 A      0    0    0    0 0.495 192.7 317.0 -27.0   7.0
1997 622.500    8055 B      0   19    0   10 0.263  30.8 289.0  15.0  -8.0
1997 623.500    8055 B      0   19    0   10 0.245 335.7 290.0  15.0   6.0
1997 624.500    8055 B      0   18    0   10 0.412 302.9 292.0  15.0  21.0
1997 625.500    8055 B      0    0    0    0 0.586 292.7 292.0  15.0  34.0
1997 625.500    8056 B      0   73    0   40 0.390 310.8 276.0  17.0  18.0
1997 626.500    8056 B      0   65    0   40 0.581 296.4 277.0  17.0  33.0
1997 627.500    8056 B      0   39    0   30 0.747 290.6 278.0  17.0  47.0
1997 628.500    8056 B      0    9    0   10 0.879 287.9 279.0  17.0  61.0
1997 628.500    8057 A      0    0    0    0 0.494  21.4 206.0  30.0 -12.0
1997 629.500    8056 A      0    0    0    0 0.941 289.2 275.0  19.0  70.0
1997 629.500    8057 A      0    0    0    0 0.475 354.6 208.0  31.0   3.0
1997 7 2.500    8058 B      0   13    0   10 0.750 118.9 121.0 -19.0 -44.0
1997 7 3.500    8058 A      0    0    0    0 0.625 132.1 122.0 -22.0 -30.0
1997 7 4.500    8059 A      0    0    0    0 0.550 176.9 137.0 -30.0  -2.0
1997 7 5.500    8059 A      0    0    0    0 0.588 200.9 140.0 -30.0  14.0
1997 7 6.500    8059 A      0    0    0    0 0.665 209.9 136.0 -32.0  23.0
1997 7 7.500    8059 B      0   26    0   20 0.752 222.1 134.0 -31.0  36.0
1997 7 7.500    8060 B      0   18    0   10 0.325  85.2  79.0   5.0 -19.0
1997 7 8.500    8059 B      0   10    0   10 0.856 230.1 135.0 -31.0  50.0
1997 7 8.500    8060 B      0    0    0    0 0.106  77.9  79.0   5.0  -6.0
1997 7 9.500    8059 B      0   14    0   20 0.932 231.1 133.0 -34.0  61.0
1997 7 9.500    8060 B      0   59    0   30 0.156 271.3  81.0   4.0   9.0
1997 710.500    8060 B      0   18    0   10 0.374 273.6  81.0   5.0  22.0
1997 714.500    8061 A      0   18    0   10 0.429 184.4   8.0 -21.0   2.0
1997 717.500    8062 A      0    0    0    0 0.914  66.9 260.0  23.0 -66.0
1997 718.500    8062 A      0    0    0    0 0.802  64.7 261.0  23.0 -52.0
1997 720.500    8063 B      0   16    0   10 0.531 200.8 299.0 -25.0  12.0
1997 722.500    8064 A      0    5    0   10 0.962  68.5 186.0  22.0 -75.0
1997 723.500    8062 B      0   55    0   30 0.398 339.5 256.0  27.0   9.0
1997 723.500    8064 B      0   28    0   30 0.879  65.4 186.0  24.0 -61.0
1997 724.500    8062 B      0   51    0   30 0.503 318.4 256.0  27.0  22.0
1997 724.500    8064 B      0   52    0   40 0.751  63.8 187.0  23.0 -47.0
1997 724.500    8065 B      0   28    0   20 0.691 289.2 277.0  17.0  43.0
1997 725.500    8062 B      0   29    0   20 0.666 307.1 258.0  28.0  37.0
1997 725.500    8064 B      0   16    0   10 0.588  59.2 188.0  22.0 -33.0
1997 725.500    8065 BG     0  167    0  150 0.830 288.1 277.0  18.0  56.0
1997 725.500    8066 B      0   12    0   20 0.952  68.6 148.0  22.0 -73.0
1997 726.500    8062 A      0   11    0   10 0.811 300.9 260.0  28.0  52.0
1997 726.500    8064 B      0   18    0   10 0.430  47.5 188.0  22.0 -20.0
1997 726.500    8065 B      0   98    0  140 0.936 286.2 278.0  17.0  70.0
1997 726.500    8066 B      0   20    0   20 0.861  66.4 149.0  23.0 -59.0
1997 727.500    8062 A      0    8    0   10 0.909 298.3 260.0  28.0  65.0
1997 727.500    8064 A      0   19    0   10 0.292  12.8 191.0  22.0  -4.0
1997 727.500    8065 B      0   48    0  150 0.987 285.4 277.0  16.0  82.0
1997 727.500    8066 B      0   13    0   10 0.742  62.4 149.0  24.0 -46.0
1997 728.500    8064 B      0   18    0   10 0.331 343.2 187.0  24.0   6.0
1997 728.500    8066 A      0    0    0    0 0.632  54.7 146.0  26.0 -35.0
1997 729.500    8064 B      0    0    0    0 0.449 312.7 189.0  23.0  21.0
1997 729.500    8066 A      0    0    0    0 0.499  42.0 146.0  27.0 -22.0
1997 730.500    8066 A      0    0    0    0 0.346  24.4 146.0  24.0  -9.0
1997 8 2.500    8067 A      0    8    0   10 0.903  86.2  51.0   6.0 -65.0
1997 8 3.500    8067 A      0    0    0    0 0.785  88.4  50.0   5.0 -52.0
1997 8 3.500    8068 B      0   44    0   30 0.679 131.9  69.0 -22.0 -33.0
1997 8 4.500    8068 A      0   33    0   20 0.547 148.4  71.0 -22.0 -18.0
1997 8 5.500    8068 B      0   35    0   20 0.466 167.9  70.0 -21.0  -6.0
1997 8 5.500    8069 B      0   15    0   10 0.602 297.1 111.0  21.0  35.0
1997 8 5.500    8070 A      0    0    0    0 0.851 118.1  23.0 -20.0 -53.0
1997 8 6.500    8068 A      0   17    0   10 0.479 197.8  72.0 -21.0   9.0
1997 8 6.500    8069 B      0  132    0  100 0.751 292.6 111.0  21.0  48.0
1997 8 6.500    8070 B      0   13    0   10 0.719 124.1  24.0 -19.0 -39.0
1997 8 7.500    8068 A      0   16    0   10 0.560 219.0  72.0 -20.0  22.0
1997 8 7.500    8069 B      0   94    0  100 0.880 290.5 112.0  21.0  62.0
1997 8 7.500    8070 B      0   48    0   30 0.578 136.2  25.0 -19.0 -25.0
1997 8 8.500    8068 A      0    0    0    0 0.699 234.4  72.0 -19.0  37.0
1997 8 8.500    8069 B      0   65    0  110 0.955 292.2 109.0  23.0  74.0
1997 8 8.500    8070 B      0  105    0   60 0.477 157.9  24.0 -20.0 -11.0
1997 8 8.500    8071 B      0   56    0   60 0.880  69.5 333.0  21.0 -62.0
1997 8 9.500    8069 B      0    5    0   30 0.995 290.5 108.0  21.0  86.0
1997 8 9.500    8070 B      0   89    0   50 0.445 182.1  23.0 -20.0   1.0
1997 8 9.500    8071 B      0   12    0   10 0.773  61.4 333.0  26.0 -49.0
1997 8 9.500    8072 A      0    0    0    0 0.423  52.2   1.0  21.0 -21.0
1997 810.500    8070 B      0   51    0   30 0.504 208.8  24.0 -20.0  15.0
1997 810.500    8071 B      0   15    0   10 0.647  56.7 332.0  26.0 -37.0
1997 811.500    8070 B      0   15    0   10 0.638 227.4  25.0 -20.0  30.0
1997 811.500    8071 B      0   53    0   30 0.448  43.8 335.0  25.0 -20.0
1997 811.500    8073 A      0   52    0   90 0.956  77.3 281.0  14.0 -74.0
1997 811.500    8074 A      0   50    0   90 0.960  64.8 280.0  26.0 -75.0
1997 812.500    8070 B      0   13    0   10 0.756 236.3  24.0 -20.0  42.0
1997 812.500    8071 B      0   56    0   30 0.351  18.2 335.0  26.0  -7.0
1997 812.500    8073 A      0   69    0   70 0.869  76.4 281.0  15.0 -61.0
1997 812.500    8074 A      0   27    0   30 0.890  64.1 279.0  26.0 -63.0
1997 813.500    8070 B      0   49    0   50 0.868 242.4  24.0 -20.0  55.0
1997 813.500    8071 B      0   56    0   30 0.351 341.8 336.0  26.0   7.0
1997 813.500    8073 A      0   79    0   60 0.751  77.1 280.0  14.0 -49.0
1997 813.500    8074 B      0   47    0   40 0.800  62.3 277.0  26.0 -52.0
1997 814.500    8070 B      0   25    0   40 0.949 247.4  23.0 -19.0  68.0
1997 814.500    8071 A      0   17    0   10 0.478 315.2 337.0  26.0  22.0
1997 814.500    8073 A      0   96    0   60 0.590  75.3 279.0  14.0 -36.0
1997 814.500    8074 A      0   45    0   30 0.661  56.0 277.0  27.0 -38.0
1997 815.500    8070 A      0    1    0   10 0.996 249.1  24.0 -20.0  82.0
1997 815.500    8071 B      0   15    0   10 0.634 303.6 338.0  26.0  36.0
1997 815.500    8073 A      0  127    0   70 0.407  67.9 279.0  15.0 -23.0
1997 815.500    8074 B      0   50    0   30 0.540  48.5 275.0  27.0 -27.0
1997 815.500    8075 A      0    0    0    0 0.751  56.9 256.0  29.0 -46.0
1997 816.500    8073 A      0  137    0   70 0.198  42.9 281.0  15.0  -8.0
1997 816.500    8074 A      0   36    0   20 0.387  26.0 278.0  27.0 -11.0
1997 816.500    8075 A      0   16    0   10 0.598  48.9 258.0  29.0 -31.0
1997 817.500    8073 A      0  118    0   60 0.158 334.8 280.0  15.0   4.0
1997 817.500    8074 A      0    0    0    0 0.347 354.9 278.0  27.0   2.0
1997 818.500    8073 A      0  114    0   60 0.312 294.6 280.0  14.0  17.0
1997 819.500    8073 A      0  102    0   60 0.519 285.7 280.0  14.0  31.0
1997 820.500    8073 A      0   72    0   50 0.692 283.1 280.0  14.0  44.0
1997 821.500    8073 A      0   61    0   60 0.860 281.0 283.0  13.0  60.0
1997 822.500    8073 A      0   48    0   70 0.939 282.4 281.0  14.0  71.0
1997 823.500    8073 A      0    4    0   20 0.994 282.4 282.0  13.0  85.0
1997 825.500    8076 B      0   72    0   80 0.891  61.0 107.0  29.0 -63.0
1997 825.500    8077 B      0    8    0   10 0.906 119.5 111.0 -23.0 -59.0
1997 826.500    8076 B      0  192    0  160 0.798  57.5 106.0  30.0 -51.0
1997 826.500    8077 A      0    0    0    0 0.797 124.6 112.0 -22.0 -45.0
1997 827.500    8076 B      0  150    0  100 0.658  53.1 107.0  29.0 -37.0
1997 827.500    8078 A      0   17    0   10 0.458  66.3 118.0  17.0 -26.0
1997 828.500    8076 BG     0  341    0  200 0.522  43.0 107.0  29.0 -24.0
1997 828.500    8078 A      0   19    0   10 0.254  51.9 119.0  16.0 -12.0
1997 828.500    8079 A      0   19    0   10 0.218  50.4 121.0  15.0 -10.0
1997 829.500    8076 BG     0  514    0  280 0.395  25.2 107.0  28.0 -11.0
1997 829.500    8078 A      0    0    0    0 0.253  18.8 113.0  21.0  -5.0
1997 829.500    8079 A      0    0    0    0 0.146 339.7 121.0  15.0   3.0
1997 830.500    8076 BG     0  373    0  200 0.356 357.5 105.0  28.0   1.0
1997 830.500    8078 B      0   19    0   10 0.237 339.8 109.0  20.0   5.0
1997 830.500    8080 B      0   16    0   10 0.531 292.7 135.0  18.0  31.0
1997 831.500    8076 B      0  377    0  210 0.438 328.9 106.0  29.0  15.0
1997 831.500    8078 B      0   18    0   10 0.403 307.6 111.0  21.0  20.0
1997 831.500    8080 A      0    0    0    0 0.685 288.7 134.0  18.0  43.0
1997 831.500    8081 A      0   12    0   20 0.946  56.5  19.0  34.0 -72.0
1997 9 1.500    8076 BG     0  349    0  210 0.554 311.6 106.0  28.0  28.0
1997 9 1.500    8078 A      0   16    0   10 0.570 296.8 111.0  21.0  33.0
1997 9 1.500    8080 A      0    0    0    0 0.824 286.9 134.0  18.0  56.0
1997 9 1.500    8081 A      0   18    0   20 0.883  55.2  17.0  34.0 -61.0
1997 9 1.500    8082 A      0    0    0    0 0.932  69.1   8.0  22.0 -70.0
1997 9 2.500    8076 B      0  298    0  210 0.704 303.0 107.0  28.0  42.0
1997 9 2.500    8078 A      0   13    0   10 0.725 292.2 111.0  21.0  46.0
1997 9 2.500    8081 A      0   23    0   20 0.801  52.5  15.0  34.0 -50.0
1997 9 2.500    8082 A      0    0    0    0 0.844  69.7   7.0  21.0 -58.0
1997 9 3.500    8076 B      0  179    0  160 0.827 299.1 107.0  28.0  55.0
1997 9 3.500    8081 A      0   29    0   20 0.686  46.6  15.0  34.0 -37.0
1997 9 3.500    8083 B      0   62    0   70 0.896 126.2 357.0 -28.0 -55.0
1997 9 4.500    8076 B      0   94    0  110 0.902 296.5 103.0  27.0  65.0
1997 9 4.500    8081 A      0   16    0   10 0.577  39.5  12.0  33.0 -26.0
1997 9 4.500    8082 A      0    0    0    0 0.611  63.0   2.0  22.0 -36.0
1997 9 4.500    8083 B      0  244    0  200 0.792 132.5 357.0 -27.0 -41.0
1997 9 5.500    8076 A      0   14    0   50 0.989 295.3 109.0  26.0  84.0
1997 9 5.500    8081 B      0   17    0   10 0.503  29.2   8.0  33.0 -17.0
1997 9 5.500    8082 B      0   54    0   30 0.428  54.8   3.0  21.0 -22.0
1997 9 5.500    8083 B      0  433    0  300 0.691 142.7 357.0 -27.0 -28.0
1997 9 5.500    8084 B      0    9    0   10 0.893  69.0 321.0  22.0 -64.0
1997 9 6.500    8076 A      0    0    0    0 0.999 294.9 103.0  25.0  91.0
1997 9 6.500    8081 A      0   18    0   10 0.398  13.2   6.0  30.0  -6.0
1997 9 6.500    8082 B      0   96    0   50 0.280  31.4   3.0  21.0  -9.0
1997 9 6.500    8083 B      0  477    0  300 0.605 157.6 357.0 -27.0 -15.0
1997 9 6.500    8084 A      0   12    0   10 0.780  67.5 321.0  22.0 -51.0
1997 9 6.500    8085 A      0   14    0   40 0.983 116.2 297.0 -24.0 -75.0
1997 9 7.500    8081 A      0    0    0    0 0.490 337.6  12.0  34.0  13.0
1997 9 7.500    8082 B      0   77    0   40 0.247 344.7   3.0  21.0   4.0
1997 9 7.500    8083 B      0  586    0  360 0.580 173.9 355.0 -28.0  -4.0
1997 9 7.500    8084 A      0   15    0   10 0.607  64.6 323.0  21.0 -36.0
1997 9 7.500    8085 B      0  156    0  230 0.940 120.0 295.0 -25.0 -64.0
1997 9 8.500    8082 B      0   37    0   20 0.365 311.7   3.0  21.0  17.0
1997 9 8.500    8083 B      0  725    0  450 0.592 193.5 355.0 -28.0   9.0
1997 9 8.500    8084 B      0  122    0   70 0.479  58.6 320.0  21.0 -26.0
1997 9 8.500    8085 B      0  448    0  460 0.873 124.0 293.0 -25.0 -53.0
1997 9 9.500    8082 B      0   16    0   10 0.544 297.9   4.0  21.0  31.0
1997 9 9.500    8083 B      0  813    0  540 0.658 210.2 355.0 -28.0  22.0
1997 9 9.500    8084 B      0  320    0  170 0.331  39.0 320.0  22.0 -13.0
1997 9 9.500    8085 BG     0  826    0  650 0.772 131.0 293.0 -25.0 -40.0
1997 910.500    8083 B      0  934    0  710 0.753 222.3 354.0 -28.0  35.0
1997 910.500    8084 B      0  522    0  270 0.255 356.4 320.0  22.0   1.0
1997 910.500    8085 BG     0  901    0  610 0.674 142.7 292.0 -26.0 -27.0
1997 911.500    8083 B      0  632    0  600 0.850 230.5 354.0 -28.0  48.0
1997 911.500    8084 B      0  452    0  240 0.332 321.0 319.0  22.0  13.0
1997 911.500    8085 BG     0  967    0  600 0.592 156.9 291.0 -26.0 -15.0
1997 911.500    8086 B      0    5    0   10 0.963  63.9 230.0  27.0 -76.0
1997 912.500    8083 B      0  271    0  340 0.917 236.4 352.0 -27.0  59.0
1997 912.500    8084 BGD    0  419    0  240 0.486 303.3 319.0  22.0  26.0
1997 912.500    8085 B      0  785    0  470 0.549 176.7 291.0 -26.0  -2.0
1997 913.500    8083 B      0  115    0  290 0.980 239.5 353.0 -28.0  73.0
1997 913.500    8084 BG     0  350    0  230 0.648 295.7 319.0  22.0  39.0
1997 913.500    8085 B      0  621    0  380 0.576 198.9 292.0 -26.0  12.0
1997 913.500    8086 B      0   50    0   40 0.780  61.0 230.0  27.0 -50.0
1997 914.500    8083 A      0    0    0   60 1.000 242.6 352.0 -27.0  85.0
1997 914.500    8084 BG     0  323    0  270 0.800 292.2 320.0  22.0  53.0
1997 914.500    8085 B      0  572    0  380 0.658 215.3 292.0 -26.0  25.0
1997 914.500    8086 B      0  119    0   80 0.662  55.1 229.0  28.0 -38.0
1997 915.500    8084 BG     0  216    0  240 0.893 289.9 317.0  21.0  64.0
1997 915.500    8085 B      0  433    0  330 0.754 225.9 290.0 -26.0  37.0
1997 915.500    8086 B      0  337    0  200 0.536  49.0 226.0  27.0 -27.0
1997 916.500    8084 B      0  137    0  270 0.967 290.9 317.0  22.0  77.0
1997 916.500    8085 A      0  315    0  340 0.886 236.9 295.0 -25.0  55.0
1997 916.500    8086 B      0  327    0  180 0.418  30.8 226.0  28.0 -14.0
1997 917.500    8084 B      0   12    0   80 0.997 291.6 315.0  22.0  88.0
1997 917.500    8085 A      0  113    0  250 0.974 242.2 299.0 -25.0  72.0
1997 917.500    8086 B      0  300    0  160 0.340   0.0 227.0  27.0   0.0
1997 918.500    8085 A      0    0    0   80 1.000 244.6 299.0 -25.0  85.0
1997 918.500    8086 B      0  220    0  120 0.396 334.8 225.0  28.0  11.0
1997 919.500    8086 B      0  154    0   90 0.515 313.0 226.0  27.0  25.0
1997 920.500    8086 B      0   89    0   60 0.668 306.3 226.0  29.0  38.0
1997 921.500    8086 B      0   57    0   50 0.816 297.0 228.0  26.0  54.0
1997 921.500    8087 A      0   14    0   30 0.971 114.8 102.0 -22.0 -72.0
1997 921.500    8088 B      0    9    0   10 0.883 127.0 121.0 -28.0 -53.0
1997 922.500    8086 B      0   31    0   40 0.921 294.2 229.0  25.0  68.0
1997 922.500    8087 A      0   44    0   50 0.894 117.7 103.0 -21.0 -58.0
1997 922.500    8088 B      0  177    0  140 0.774 135.4 123.0 -28.0 -38.0
1997 923.500    8086 A      0    0    0    0 0.984 294.2 230.0  25.0  82.0
1997 923.500    8087 A      0   74    0   60 0.782 124.0 104.0 -21.0 -44.0
1997 923.500    8088 B      0  341    0  230 0.669 147.5 124.0 -28.0 -24.0
1997 924.500    8087 A      0   58    0   40 0.678 133.6 103.0 -22.0 -32.0
1997 924.500    8088 BG     0  419    0  260 0.592 165.0 125.0 -28.0 -10.0
1997 925.500    8087 B      0   47    0   30 0.608 143.7  99.0 -23.0 -23.0
1997 925.500    8088 BG     0  474    0  290 0.574 184.6 125.0 -28.0   3.0
1997 926.500    8087 A      0   16    0   10 0.582 158.1  94.0 -26.0 -14.0
1997 926.500    8088 B      0  388    0  250 0.630 202.5 124.0 -29.0  16.0
1997 927.500    8087 A      0    0    0    0 0.535 169.8  89.0 -25.0  -6.0
1997 927.500    8088 B      0  333    0  240 0.720 217.4 125.0 -29.0  30.0
1997 928.500    8088 B      0  311    0  260 0.801 225.7 123.0 -29.0  41.0
1997 929.500    8088 B      0  185    0  210 0.897 233.0 124.0 -29.0  55.0
1997 929.500    8089 A      0   14    0   10 0.703 291.7 113.0  20.0  44.0
1997 930.500    8088 B      0  113    0  200 0.959 237.1 123.0 -29.0  67.0
1997 930.500    8090 A      0   31    0   60 0.965 120.4 347.0 -27.0 -69.0
199710 1.500    8088 A      0    7    0   80 0.999 240.5 126.0 -29.0  84.0
199710 1.500    8090 A      0   54    0   60 0.891 125.0 347.0 -27.0 -55.0
199710 1.500    8091 B      0   13    0   20 0.945  69.0 330.0  22.0 -72.0
199710 2.500    8090 A      0   49    0   40 0.788 132.1 348.0 -27.0 -41.0
199710 2.500    8091 B      0   39    0   40 0.867  64.9 329.0  25.0 -60.0
199710 3.500    8090 A      0   43    0   30 0.684 142.3 348.0 -27.0 -28.0
199710 3.500    8091 B      0   79    0   60 0.749  62.2 329.0  25.0 -47.0
199710 4.500    8090 A      0   48    0   30 0.595 157.2 348.0 -27.0 -15.0
199710 4.500    8091 B      0   64    0   40 0.597  59.6 329.0  23.0 -34.0
199710 5.500    8090 A      0   16    0   10 0.567 175.3 347.0 -28.0  -3.0
199710 5.500    8091 B      0   53    0   30 0.440  48.5 329.0  23.0 -21.0
199710 6.500    8090 A      0   16    0   10 0.584 195.2 347.0 -28.0  10.0
199710 6.500    8091 B      0   18    0   10 0.323  20.2 330.0  24.0  -7.0
199710 7.500    8090 A      0    0    0    0 0.510 230.9 347.0 -13.0  24.0
199710 7.500    8091 A      0    0    0    0 0.337 334.9 332.0  24.0   9.0
199710 7.500    8092 B      0   10    0   10 0.842  65.5 266.0  24.0 -57.0
199710 8.500    8092 B      0   14    0   10 0.684  61.2 269.0  24.0 -41.0
199710 9.500    8092 B      0   16    0   10 0.541  51.9 269.0  25.0 -28.0
199710 9.500    8093 B      0   13    0   10 0.720  50.6 256.0  32.0 -41.0
19971010.500    8092 A      0    0    0    0 0.371  33.6 271.0  24.0 -13.0
19971010.500    8093 B      0   48    0   30 0.580  42.1 257.0  31.0 -27.0
19971010.500    8094 B      0   17    0   10 0.479 308.6 308.0  23.0  24.0
19971011.500    8093 B      0   70    0   40 0.472  26.1 257.0  31.0 -14.0
19971011.500    8094 B      0   15    0   10 0.627 296.3 308.0  21.0  37.0
19971012.500    8092 A      0    0    0    0 0.380 341.0 265.0  27.0   8.0
19971012.500    8093 B      0  108    0   60 0.423   2.0 256.0  31.0  -1.0
19971012.500    8094 B      0   25    0   20 0.771 291.0 307.0  20.0  50.0
19971012.500    8095 B      0   13    0   10 0.736  49.7 215.0  33.0 -42.0
19971013.500    8093 B      0  159    0   90 0.461 337.3 256.0  31.0  12.0
19971013.500    8094 B      0   18    0   20 0.888 289.5 307.0  20.0  63.0
19971013.500    8095 A      0    0    0    0 0.646  43.5 212.0  33.0 -32.0
19971014.500    8093 B      0  150    0   90 0.546 322.2 254.0  31.0  23.0
19971014.500    8094 A      0    0    0    0 0.956 290.2 305.0  21.0  74.0
19971014.500    8096 B      0   19    0   20 0.878  77.2 169.0  14.0 -62.0
19971015.500    8093 B      0  103    0   70 0.674 309.4 255.0  30.0  37.0
19971015.500    8096 B      0   68    0   50 0.732  74.9 171.0  15.0 -47.0
19971015.500    8097 A      0   29    0   60 0.970  72.9 141.0  18.0 -77.0
19971016.500    8093 B      0   96    0   80 0.797 303.7 255.0  30.0  50.0
19971016.500    8096 B      0   49    0   30 0.566  73.5 171.0  14.0 -34.0
19971016.500    8097 B      0   44    0   60 0.929  75.0 136.0  16.0 -69.0
19971017.500    8093 B      0   63    0   70 0.893 302.0 254.0  31.0  62.0
19971017.500    8096 B      0   74    0   40 0.374  68.9 171.0  13.0 -21.0
19971017.500    8097 B      0   87    0   80 0.837  73.4 135.0  17.0 -57.0
19971018.500    8093 B      0   21    0   40 0.963 300.7 253.0  31.0  75.0
19971018.500    8096 B      0   58    0   30 0.188  46.1 170.0  13.0  -8.0
19971018.500    8097 B      0   86    0   60 0.689  71.1 135.0  17.0 -43.0
19971019.500    8093 B      0    0    0   30 1.000 297.0 255.0  27.0  91.0
19971019.500    8096 B      0   59    0   30 0.141 338.8 167.0  13.0   3.0
19971019.500    8097 A      0   53    0   30 0.468  63.5 138.0  17.0 -26.0
19971020.500    8096 A      0   38    0   20 0.301 296.9 167.0  13.0  16.0
19971020.500    8097 A      0   76    0   40 0.286  49.2 138.0  16.0 -13.0
19971021.500    8096 B      0   17    0   10 0.494 287.1 167.0  13.0  29.0
19971021.500    8097 B      0   78    0   40 0.186 354.8 139.0  16.0   1.0
19971022.500    8097 B      0   19    0   10 0.300 309.2 139.0  16.0  14.0
19971024.500    8098 A      0    0    0    0 0.518 185.2 101.0 -26.0   3.0
19971025.500    8099 B      0   17    0   20 0.898  70.1  21.0  20.0 -64.0
19971026.500    8099 B      0   36    0   30 0.794  69.7  20.0  19.0 -52.0
19971027.500    8098 B      0   12    0   10 0.770 234.7 102.0 -23.0  43.0
19971027.500    8099 B      0   77    0   50 0.626  65.3  22.0  19.0 -37.0
19971027.500    8100 B      0   53    0   80 0.943 114.3 352.0 -21.0 -67.0
19971028.500    8098 A      0    0    0    0 0.884 240.9 103.0 -23.0  57.0
19971028.500    8099 B      0  107    0   60 0.448  55.5  23.0  19.0 -23.0
19971028.500    8100 B      0  132    0  130 0.861 116.6 351.0 -20.0 -55.0
19971029.500    8099 B      0   18    0   10 0.322  33.8  21.0  20.0 -11.0
19971029.500    8100 B      0  256    0  200 0.768 122.3 348.0 -21.0 -44.0
19971030.500    8099 BG     0   57    0   30 0.272 349.6  22.0  20.0   3.0
19971030.500    8100 B      0  347    0  220 0.612 129.4 349.0 -19.0 -30.0
19971031.500    8099 BG     0   55    0   30 0.367 310.7  23.0  18.0  17.0
19971031.500    8100 B      0  457    0  260 0.477 149.3 351.0 -20.0 -15.0
19971031.500    8101 A      0    0    0    0 0.955 248.5  76.0 -19.0  70.0
199711 1.500    8099 B      0   16    0   10 0.600 294.6  28.0  18.0  35.0
199711 1.500    8100 BG     0  385    0  210 0.395 177.6 352.0 -19.0  -1.0
199711 1.500    8101 B      0    1    0   10 0.996 251.4  76.0 -18.0  83.0
199711 2.500    8099 A      0    0    0    0 0.785 289.7  31.0  18.0  51.0
199711 2.500    8100 BG     0  521    0  290 0.438 206.6 352.0 -19.0  12.0
199711 2.500    8102 B      0   88    0   50 0.473  22.4 328.0  30.0 -12.0
199711 3.500    8099 A      0    0    0    0 0.906 288.0  31.0  18.0  65.0
199711 3.500    8100 BGD    0 1070    0  660 0.585 226.8 353.0 -20.0  27.0
199711 3.500    8102 A      0    0    0    0 0.439   4.0 324.0  30.0  -2.0
199711 4.500    8100 BGD    0 1398    0 1000 0.715 235.3 352.0 -21.0  39.0
199711 4.500    8103 B      0   55    0   30 0.372  22.6 304.0  24.0  -9.0
199711 5.500    8100 BGD    0  973    0  900 0.841 243.2 353.0 -20.0  53.0
199711 5.500    8103 B      0   75    0   40 0.332 351.6 303.0  23.0   3.0
199711 6.500    8100 BG     0  505    0  760 0.943 248.4 355.0 -19.0  68.0
199711 6.500    8103 B      0  145    0   80 0.416 319.4 304.0  22.0  17.0
199711 7.500    8100 BG     0  244    0  630 0.981 249.8 351.0 -19.0  77.0
199711 7.500    8103 BG     0   80    0   50 0.600 302.7 307.0  22.0  33.0
199711 7.500    8104 A      0    5    0   10 0.954  59.7 202.0  30.0 -72.0
199711 8.500    8100 B      0    0    0  480 1.000 250.0 350.0 -20.0  90.0
199711 8.500    8103 B      0   84    0   60 0.707 299.5 302.0  23.0  42.0
199711 8.500    8104 A      0   32    0   30 0.845  58.8 205.0  28.0 -55.0
199711 8.500    8105 B      0   14    0   10 0.685 154.6 239.0 -35.0 -21.0
199711 9.500    8103 B      0   19    0   20 0.872 291.1 307.0  20.0  60.0
199711 9.500    8104 A      0   13    0   10 0.731  51.0 206.0  30.0 -41.0
199711 9.500    8105 B      0   16    0   10 0.575 158.4 233.0 -29.0 -14.0
19971110.500    8103 B      0   75    0  110 0.940 289.0 304.0  19.0  70.0
19971110.500    8104 A      0   15    0   10 0.602  43.0 206.0  29.0 -28.0
19971111.500    8103 B      0   35    0  120 0.989 289.8 303.0  20.0  82.0
19971111.500    8106 B      0   52    0   40 0.751 305.3 265.0  28.0  44.0
19971112.500    8103 B      0    0    0   60 1.000 290.1 301.0  20.0  93.0
19971112.500    8106 B      0   41    0   40 0.855 301.1 264.0  28.0  56.0
19971113.500    8106 B      0   37    0   60 0.950 298.5 266.0  28.0  71.0
19971113.500    8107 B      0   47    0   30 0.611 220.6 221.0 -25.0  26.0
19971113.500    8108 A      0   38    0   90 0.977  69.1 117.0  21.0 -78.0
19971114.500    8106 A      0    4    0   20 0.993 297.9 265.0  28.0  84.0
19971114.500    8107 B      0   54    0   40 0.734 233.1 221.0 -24.0  40.0
19971114.500    8108 B      0  223    0  290 0.923  70.6 114.0  19.0 -67.0
19971115.500    8107 B      0   54    0   50 0.840 239.0 220.0 -24.0  52.0
19971115.500    8108 BG     0  410    0  400 0.858  68.2 110.0  20.0 -58.0
19971116.500    8107 A      0   12    0   20 0.953 241.7 225.0 -26.0  69.0
19971116.500    8108 BG     0  510    0  360 0.705  62.4 114.0  21.0 -42.0
19971116.500    8109 A      0    7    0   10 0.928 110.6  90.0 -18.0 -66.0
19971117.500    8107 A      0    0    0    0 0.994 245.5 225.0 -24.0  82.0
19971117.500    8108 BGD    0  698    0  420 0.556  54.5 114.0  21.0 -29.0
19971117.500    8109 B      0   35    0   30 0.811 114.4  92.0 -18.0 -51.0
19971118.500    8108 BG     0  645    0  350 0.388  42.1 114.0  19.0 -16.0
19971118.500    8109 B      0   43    0   30 0.682 121.4  92.0 -19.0 -38.0
19971118.500    8110 A      0    0    0    0 0.840  59.1  76.0  27.0 -54.0
19971119.500    8108 BGD    0  497    0  260 0.293   9.7 113.0  19.0  -3.0
19971119.500    8109 B      0   50    0   30 0.537 131.9  91.0 -19.0 -25.0
19971119.500    8110 A      0    0    0    0 0.710  51.5  77.0  28.0 -39.0
19971120.500    8108 BG     0  488    0  260 0.342 328.2 114.0  19.0  11.0
19971120.500    8109 B      0   91    0   50 0.402 153.4  92.0 -19.0 -11.0
19971121.500    8108 BGD    0  585    0  330 0.461 309.8 112.0  19.0  22.0
19971121.500    8109 B      0   56    0   30 0.358 180.0  90.0 -19.0   0.0
19971122.500    8108 BGD    0  559    0  370 0.655 297.4 115.0  19.0  38.0
19971122.500    8109 B      0   17    0   10 0.460 219.5  95.0 -19.0  18.0
19971122.500    8111 B      0   15    0   30 0.964  66.6   3.0  23.0 -74.0
19971123.500    8108 BG     0  331    0  280 0.806 292.4 116.0  19.0  52.0
19971123.500    8109 B      0   48    0   30 0.581 234.9  94.0 -18.0  30.0
19971123.500    8111 B      0   36    0   40 0.890  63.8   3.0  24.0 -61.0
19971123.500    8112 A      0    0    0    0 0.875 110.5   5.0 -17.0 -59.0
19971124.500    8108 B      0  188    0  240 0.920 291.1 117.0  20.0  66.0
19971124.500    8109 B      0   25    0   20 0.769 244.8  98.0 -18.0  47.0
19971124.500    8111 B      0   74    0   60 0.783  60.2   3.0  24.0 -48.0
19971124.500    8112 A      0    0    0    0 0.766 118.1   5.0 -20.0 -46.0
19971125.500    8108 B      0   52    0  140 0.982 289.1 116.0  19.0  79.0
19971125.500    8109 A      0    9    0   10 0.889 245.4  97.0 -21.0  60.0
19971125.500    8111 A      0   15    0   10 0.645  54.9   2.0  23.0 -35.0
19971125.500    8112 A      0    0    0    0 0.602 119.5   4.0 -16.0 -33.0
19971125.500    8113 A      0   12    0  100 0.998  71.1 307.0  19.0 -87.0
19971126.500    8108 B      0    0    0   20 1.000 288.0 116.0  18.0  92.0
19971126.500    8111 A      0   17    0   10 0.475  41.9   4.0  22.0 -20.0
19971126.500    8113 B      0  143    0  330 0.976  69.8 307.0  20.0 -77.0
19971127.500    8109 A      0    0    0    0 0.993 247.7  93.0 -22.0  82.0
19971127.500    8111 A      0   18    0   10 0.367  15.3   5.0  22.0  -6.0
19971127.500    8113 B      0  581    0  610 0.879  67.8 311.0  20.0 -60.0
19971128.500    8111 A      0    0    0    0 0.354 344.0   4.0  21.0   6.0
19971128.500    8113 BGD    0  864    0  680 0.772  64.7 310.0  20.0 -48.0
19971129.500    8111 A      0   17    0   10 0.469 320.0   4.0  22.0  19.0
19971129.500    8113 BG     0 1087    0  710 0.643  59.2 309.0  20.0 -36.0
19971130.500    8113 BGD    0 1637    0  940 0.491  42.6 310.0  22.0 -21.0
199712 1.500    8112 A      0   13    0   10 0.731 241.3 348.0 -20.0  43.0
199712 1.500    8113 BG     0 1019    0  550 0.376  22.9 309.0  21.0  -9.0
199712 2.500    8113 BG     0 1148    0  610 0.338 348.8 309.0  20.0   4.0
199712 3.500    8113 BG     0 1080    0  600 0.435 323.7 308.0  21.0  16.0
199712 3.500    8114 B      0   17    0   10 0.511 173.2 288.0 -30.0  -4.0
199712 4.500    8113 B      0  694    0  420 0.563 308.9 307.0  21.0  28.0
199712 4.500    8114 A      0    0    0    0 0.519 193.4 287.0 -30.0   8.0
199712 5.500    8113 B      0  462    0  330 0.714 298.3 307.0  20.0  42.0
199712 5.500    8114 A      0    0    0    0 0.591 211.7 286.0 -30.0  21.0
199712 5.500    8115 B      0   32    0   20 0.595 332.3 284.0  32.0  19.0
199712 5.500    8116 A      0    0    0    0 0.718  54.2 225.0  25.0 -40.0
199712 6.500    8113 B      0  300    0  280 0.844 295.1 307.0  21.0  55.0
199712 6.500    8115 B      0   13    0   10 0.718 319.2 286.0  33.0  34.0
199712 6.500    8116 B      0   48    0   30 0.598  43.0 225.0  26.0 -27.0
199712 7.500    8113 B      0  122    0  190 0.947 291.2 309.0  20.0  70.0
199712 7.500    8114 A      0    0    0    0 0.831 235.6 290.0 -28.0  51.0
199712 7.500    8115 B      0   11    0   10 0.813 312.1 285.0  33.0  46.0
199712 7.500    8116 B      0  141    0   80 0.470  25.7 226.0  25.0 -13.0
199712 7.500    8117 B      0   14    0   10 0.678  54.8 202.0  23.0 -37.0
199712 8.500    8113 A      0    9    0  110 0.999 289.0 313.0  19.0  87.0
199712 8.500    8115 B      0   17    0   20 0.905 308.3 285.0  34.0  59.0
199712 8.500    8116 B      0   90    0   50 0.428 353.6 229.0  25.0   3.0
199712 8.500    8117 B      0   34    0   20 0.523  43.9 203.0  22.0 -23.0
199712 8.500    8118 B      0   25    0   20 0.776 142.3 189.0 -38.0 -37.0
199712 8.500    8119 B      0   33    0   20 0.532   0.0 226.0  32.0   0.0
199712 8.500    8120 B      0   45    0   30 0.649 125.0 191.0 -22.0 -35.0
199712 9.500    8115 B      0   10    0   20 0.967 304.4 285.0  33.0  72.0
199712 9.500    8116 B      0  122    0   70 0.487 331.2 228.0  25.0  15.0
199712 9.500    8117 B      0   18    0   10 0.412  23.0 203.0  22.0 -10.0
199712 9.500    8118 B      0   99    0   70 0.707 152.3 188.0 -39.0 -25.0
199712 9.500    8119 B      0   82    0   50 0.567 340.3 226.0  32.0  13.0
199712 9.500    8120 B      0   86    0   50 0.508 136.8 191.0 -22.0 -22.0
19971210.500    8116 B      0   63    0   40 0.613 316.5 228.0  26.0  28.0
19971210.500    8118 A      0  108    0   70 0.636 169.0 191.0 -39.0  -9.0
19971210.500    8119 B      0  166    0  110 0.654 327.2 225.0  33.0  25.0
19971210.500    8120 B      0   73    0   40 0.402 156.4 190.0 -22.0 -10.0
19971210.500    8121 B      0   20    0   20 0.856 299.9 255.0  25.0  55.0
19971211.500    8116 A      0   26    0   20 0.739 307.0 227.0  26.0  41.0
19971211.500    8118 A      0   62    0   40 0.623 183.7 189.0 -39.0   3.0
19971211.500    8119 B      0  132    0  100 0.748 315.8 224.0  32.0  38.0
19971211.500    8120 A      0    0    0    0 0.363 195.6 192.0 -21.0   6.0
19971211.500    8121 B      0   13    0   20 0.942 296.9 254.0  25.0  68.0
19971211.500    8122 B      0   84    0   50 0.531 350.3 192.0  31.0   6.0
19971212.500    8116 A      0    0    0    0 0.844 301.8 226.0  26.0  53.0
19971212.500    8118 A      0   77    0   50 0.636 197.4 187.0 -38.0  14.0
19971212.500    8119 B      0   87    0   80 0.839 311.0 222.0  33.0  49.0
19971212.500    8122 B      0  194    0  120 0.588 333.2 191.0  31.0  18.0
19971213.500    8116 A      0    0    0    0 0.942 295.9 228.0  24.0  68.0
19971213.500    8118 A      0   69    0   50 0.722 208.8 187.0 -40.0  27.0
19971213.500    8119 B      0   68    0   90 0.924 304.3 223.0  31.0  63.0
19971213.500    8120 A      0    0    0    0 0.586 235.6 191.0 -20.0  31.0
19971213.500    8122 B      0  172    0  120 0.695 317.2 193.0  30.0  33.0
19971214.500    8116 A      0    0    0    0 0.993 295.3 229.0  25.0  82.0
19971214.500    8118 A      0   47    0   40 0.802 216.3 186.0 -41.0  39.0
19971214.500    8119 B      0   17    0   70 0.992 301.4 228.0  31.0  81.0
19971214.500    8122 B      0  126    0  110 0.817 307.2 195.0  29.0  48.0
19971214.500    8123 B      0    9    0   10 0.891  68.1  86.0  19.0 -61.0
19971215.500    8118 A      0   29    0   30 0.872 224.6 186.0 -39.0  52.0
19971215.500    8119 A      0    0    0   10 1.000 302.0 222.0  32.0  88.0
19971215.500    8122 B      0  100    0  120 0.908 305.2 194.0  31.0  60.0
19971215.500    8123 B      0   78    0   60 0.756  64.9  88.0  18.0 -46.0
19971216.500    8118 A      0   13    0   20 0.937 227.3 184.0 -40.0  64.0
19971216.500    8122 B      0   36    0   70 0.966 301.5 192.0  30.0  72.0
19971216.500    8123 B      0  240    0  150 0.600  57.1  88.0  18.0 -32.0
19971217.500    8118 A      0    7    0   20 0.984 230.6 185.0 -39.0  78.0
19971217.500    8122 A      0    6    0   50 0.998 302.2 192.0  32.0  85.0
19971217.500    8123 B      0  230    0  130 0.463  44.6  87.0  18.0 -20.0
19971218.500    8123 B      0  186    0  100 0.363  15.8  88.0  19.0  -6.0
19971219.500    8123 B      0  130    0   70 0.360 338.4  89.0  18.0   8.0
19971220.500    8123 B      0  123    0   70 0.467 315.9  88.0  18.0  20.0
19971220.500    8124 A      0   16    0   40 0.979 112.1 350.0 -22.0 -78.0
19971221.500    8123 B      0   60    0   40 0.651 300.8  91.0  18.0  36.0
19971221.500    8124 B      0  116    0  150 0.921 113.2 349.0 -22.0 -66.0
19971222.500    8123 A      0   23    0   20 0.809 294.0  92.0  18.0  51.0
19971222.500    8124 BG     0  267    0  240 0.830 115.4 347.0 -22.0 -54.0
19971223.500    8123 A      0    0    0    0 0.914 290.7  92.0  18.0  64.0
19971223.500    8124 BGD    0  852    0  590 0.691 120.3 348.0 -22.0 -40.0
19971223.500    8125 B      0   14    0   10 0.713  60.5 347.0  19.0 -41.0
19971223.500    8126 A      0   33    0  100 0.986  69.3 309.0  20.0 -79.0
19971224.500    8123 A      0    0    0    0 0.979 288.9  92.0  18.0  77.0
19971224.500    8124 BGD    0  604    0  360 0.543 129.2 348.0 -22.0 -27.0
19971224.500    8125 B      0    0    0    0 0.570  51.2 347.0  19.0 -28.0
19971224.500    8126 A      0  116    0  160 0.931  66.4 309.0  21.0 -66.0
19971225.500    8124 BG     0  566    0  310 0.406 146.4 348.0 -22.0 -14.0
19971225.500    8125 A      0    0    0    0 0.446  35.8 346.0  19.0 -16.0
19971225.500    8126 A      0  170    0  160 0.846  63.3 308.0  21.0 -54.0
19971226.500    8124 BG     0  489    0  260 0.335 177.2 348.0 -22.0  -1.0
19971226.500    8126 B      0  277    0  200 0.720  58.9 308.0  20.0 -41.0
19971226.500    8127 A      0    0    0    0 0.819 250.9  43.0 -17.0  54.0
19971227.500    8124 BG     0  426    0  230 0.372 211.4 347.0 -21.0  12.0
19971227.500    8126 A      0  290    0  180 0.590  48.0 307.0  21.0 -28.0
19971227.500    8128 B      0    9    0   10 0.867 304.6  29.0  28.0  54.0
19971228.500    8124 BG     0  331    0  190 0.487 231.7 345.0 -20.0  24.0
19971228.500    8126 B      0  366    0  210 0.488  31.6 305.0  22.0 -16.0
19971228.500    8128 B      0    6    0   10 0.951 300.6  29.0  28.0  68.0
19971229.500    8124 BGD    0  306    0  200 0.643 241.6 345.0 -20.0  37.0
19971229.500    8126 B      0  425    0  230 0.380  12.5 303.0  19.0  -5.0
19971229.500    8128 B      0    0    0   10 1.000 297.1  35.0  27.0  87.0
19971229.500    8129 B      0   13    0   10 0.723  45.9 272.0  28.0 -36.0
19971229.500    8130 B      0   31    0   20 0.626 135.7 278.0 -29.0 -30.0
19971230.500    8124 BGD    0  176    0  160 0.835 245.4 350.0 -22.0  55.0
19971230.500    8126 BG     0  395    0  220 0.436 338.2 305.0  21.0  10.0
19971230.500    8130 B      0   86    0   50 0.503 151.4 279.0 -29.0 -16.0
19971231.500    8124 BGD    0  102    0  120 0.904 248.2 347.0 -21.0  64.0
19971231.500    8126 B      0  399    0  240 0.554 316.7 307.0  21.0  24.0
19971231.500    8129 A      0    0    0    0 0.560  19.0 271.0  29.0 -12.0
19971231.500    8130 B      0  125    0   70 0.441 174.0 280.0 -29.0  -3.0
