1995 1 2.500    7822 A      0    4    0   10 0.977 256.4  41.0 -14.0  78.0
1995 1 3.500    7822 A      0    0    0   20 1.000 257.1  39.0 -13.0  89.0
1995 1 3.500    7823 A      0    5    0   10 0.955  99.4 237.0 -10.0 -73.0
1995 1 4.500    7823 A      0    0    0    0 0.847 100.8 239.0 -11.0 -58.0
1995 1 4.500    7824 B      0    7    0   10 0.928 282.3   4.0  10.0  67.0
1995 1 4.500    7825 B      0   27    0   20 0.722  85.2 251.0   1.0 -46.0
1995 1 5.500    7823 A      0    0    0    0 0.721 101.7 237.0 -11.0 -46.0
1995 1 5.500    7825 B      0   50    0   30 0.551  80.8 250.0   2.0 -33.0
1995 1 6.500    7823 A      0    0    0    0 0.509 105.3 242.0 -11.0 -30.0
1995 1 6.500    7825 B      0   37    0   20 0.371  74.9 248.0   2.0 -21.0
1995 1 7.500    7823 A      0    0    0    0 0.303 107.6 242.0  -9.0 -17.0
1995 1 8.500    7823 A      0    0    0    0 0.216 119.4 239.0 -10.0 -11.0
1995 110.500    7826 B      0   19    0   10 0.076 114.3 214.0  -6.0  -4.0
1995 111.500    7823 B      0    0    0    0 0.471 261.1 232.0  -8.0  28.0
1995 112.500    7823 B      0   15    0   10 0.641 267.5 231.0  -5.0  40.0
1995 112.500    7826 A      0    0    0    0 0.544 250.9 223.0 -14.0  32.0
1995 114.500    7827 BG     0   86    0   70 0.786  94.0 113.0  -6.0 -52.0
1995 115.500    7827 B      0  140    0   90 0.627  95.3 113.0  -7.0 -39.0
1995 116.500    7827 B      0  199    0  110 0.422  96.2 114.0  -7.0 -25.0
1995 117.500    7827 B      0  294    0  150 0.193 101.3 114.0  -7.0 -11.0
1995 117.500    7828 B      0   19    0   10 0.221 230.0 135.0 -13.0  10.0
1995 117.500    7829 A      0   15    0   50 0.988 102.4  43.0 -13.0 -82.0
1995 118.500    7827 BGD    0  399    0  200 0.035 180.0 112.0  -7.0   0.0
1995 118.500    7828 A      0    0    0    0 0.408 249.0 135.0 -13.0  23.0
1995 118.500    7829 B      0  111    0  140 0.917 102.0  45.0 -13.0 -67.0
1995 119.500    7827 BGD    0  372    0  190 0.196 254.6 110.0  -8.0  11.0
1995 119.500    7828 A      0   16    0   10 0.568 252.7 133.0 -14.0  34.0
1995 119.500    7829 B      0  164    0  150 0.836 101.0  42.0 -12.0 -57.0
1995 119.500    7830 B      0   23    0   30 0.917  71.2  35.0  15.0 -64.0
1995 120.500    7827 B      0  231    0  130 0.453 262.6 113.0  -8.0  27.0
1995 120.500    7829 B      0  277    0  190 0.682 102.0  43.0 -12.0 -43.0
1995 120.500    7830 B      0   86    0   70 0.788  69.0  37.0  13.0 -49.0
1995 120.500    7831 B      0   38    0   20 0.284 284.2 102.0  -1.0  16.0
1995 121.500    7827 B      0  124    0   80 0.627 262.2 112.0  -9.0  39.0
1995 121.500    7829 B      0  172    0  100 0.506 104.8  43.0 -12.0 -30.0
1995 121.500    7830 B      0  174    0  110 0.609  60.6  40.0  13.0 -33.0
1995 121.500    7831 B      0   17    0   10 0.489 277.4 102.0  -1.0  29.0
1995 122.500    7827 B      0   59    0   50 0.805 262.8 114.0  -9.0  54.0
1995 122.500    7829 B      0  114    0   60 0.310 112.7  43.0 -12.0 -17.0
1995 122.500    7830 B      0  232    0  130 0.444  45.6  41.0  13.0 -19.0
1995 122.500    7832 B      0   11    0   10 0.818 105.8   5.0 -16.0 -55.0
1995 123.500    7827 B      0   33    0   40 0.910 262.6 112.0  -9.0  66.0
1995 123.500    7829 B      0  118    0   60 0.141 158.8  43.0 -13.0  -3.0
1995 123.500    7830 BG     0  303    0  160 0.316  18.9  40.0  12.0  -6.0
1995 123.500    7832 A      0   15    0   10 0.644 111.6   7.0 -18.0 -39.0
1995 124.500    7827 B      0   10    0   30 0.986 262.8 114.0  -8.0  81.0
1995 124.500    7829 B      0   98    0   50 0.176 222.3  40.0 -13.0   7.0
1995 124.500    7830 BG     0  359    0  190 0.323 338.4  40.0  12.0   7.0
1995 124.500    7832 A      0    0    0    0 0.460 119.2   8.0 -18.0 -25.0
1995 125.500    7827 A      0    0    0    0 0.998 261.6 114.0  -8.0  94.0
1995 125.500    7829 B      0   74    0   40 0.365 245.5  40.0 -14.0  20.0
1995 125.500    7830 BG     0  250    0  140 0.447 311.6  41.0  12.0  20.0
1995 125.500    7832 A      0    0    0    0 0.285 144.8  10.0 -19.0 -10.0
1995 126.500    7829 B      0   66    0   40 0.552 253.2  40.0 -14.0  33.0
1995 126.500    7830 BG     0  221    0  140 0.612 296.3  41.0  11.0  34.0
1995 126.500    7832 A      0    0    0    0 0.232 188.2  10.0 -19.0   2.0
1995 127.500    7829 B      0   28    0   20 0.705 258.8  39.0 -12.0  45.0
1995 127.500    7830 A      0  119    0  100 0.803 288.3  45.0  11.0  51.0
1995 127.500    7832 A      0    0    0    0 0.371 227.7  11.0 -20.0  17.0
1995 128.500    7829 B      0    8    0   10 0.909 255.1  47.0 -16.0  66.0
1995 128.500    7830 A      0   67    0   90 0.926 284.4  47.0  11.0  66.0
1995 128.500    7832 B      0   16    0   10 0.548 241.9  12.0 -20.0  31.0
1995 128.500    7833 A      0   20    0   30 0.941 106.0 270.0 -17.0 -71.0
1995 129.500    7830 A      0   51    0  140 0.983 282.4  45.0  11.0  78.0
1995 129.500    7833 B      0   54    0   50 0.837 107.7 270.0 -18.0 -57.0
1995 130.500    7832 B      0   43    0   40 0.839 250.0  11.0 -20.0  57.0
1995 130.500    7833 B      0   55    0   40 0.724 109.2 268.0 -18.0 -46.0
1995 130.500    7834 B      0   71    0  110 0.946 101.7 242.0 -13.0 -72.0
1995 131.500    7832 B      0   51    0   80 0.946 249.8  13.0 -21.0  72.0
1995 131.500    7833 B      0   16    0   10 0.529 110.7 270.0 -16.0 -31.0
1995 131.500    7834 B      0  183    0  180 0.861 100.4 241.0 -12.0 -60.0
1995 2 1.500    7832 B      0   24    0   80 0.988 249.6  11.0 -21.0  83.0
1995 2 1.500    7833 A      0    0    0    0 0.318 123.5 272.0 -16.0 -16.0
1995 2 1.500    7834 BG     0  242    0  180 0.740 102.0 240.0 -13.0 -48.0
1995 2 1.500    7835 B      0    7    0   10 0.930  97.3 219.0  -9.0 -69.0
1995 2 2.500    7832 B      0    0    0   40 1.000 248.8   8.0 -21.0  93.0
1995 2 2.500    7833 A      0   19    0   10 0.190 169.9 273.0 -17.0  -2.0
1995 2 2.500    7834 BG     0  238    0  140 0.522 106.8 244.0 -14.0 -31.0
1995 2 2.500    7835 B      0   22    0   20 0.825  95.5 219.0  -8.0 -56.0
1995 2 2.500    7836 B      0   39    0   20 0.173  95.1 265.0  -7.0 -10.0
1995 2 3.500    7833 B      0   19    0   10 0.262 224.1 273.0 -17.0  11.0
1995 2 3.500    7834 BG     0  208    0  110 0.325 112.1 244.0 -13.0 -18.0
1995 2 3.500    7835 B      0   28    0   20 0.691  93.6 218.0  -7.0 -44.0
1995 2 3.500    7836 BG     0   59    0   30 0.060 239.8 265.0  -8.0   3.0
1995 2 4.500    7833 A      0    0    0    0 0.421 242.6 271.0 -17.0  23.0
1995 2 4.500    7834 BG     0  217    0  110 0.158 147.7 243.0 -14.0  -5.0
1995 2 4.500    7835 B      0   17    0   10 0.467  97.3 217.0  -9.0 -28.0
1995 2 4.500    7836 B      0   38    0   20 0.291 263.4 265.0  -8.0  17.0
1995 2 5.500    7833 A      0    0    0    0 0.582 251.3 270.0 -16.0  35.0
1995 2 5.500    7834 BG     0  216    0  110 0.168 234.1 243.0 -12.0   8.0
1995 2 5.500    7835 A      0    0    0    0 0.324  89.8 216.0  -6.0 -19.0
1995 2 5.500    7836 B      0   17    0   10 0.512 269.0 266.0  -6.0  31.0
1995 2 5.500    7837 B      0   59    0   30 0.162 334.5 239.0   2.0   4.0
1995 2 6.500    7834 BG     0  204    0  110 0.370 250.9 243.0 -13.0  21.0
1995 2 6.500    7836 B      0   15    0   10 0.639 266.8 262.0  -7.0  40.0
1995 2 6.500    7837 B      0   18    0   10 0.325 296.0 239.0   2.0  17.0
1995 2 7.500    7834 B      0  161    0  100 0.587 258.5 245.0 -12.0  36.0
1995 2 8.500    7834 B      0   88    0   70 0.773 258.6 247.0 -13.0  51.0
1995 2 9.500    7834 B      0    7    0   10 0.928 258.6 252.0 -13.0  69.0
1995 2 9.500    7838 A      0   67    0   90 0.926  76.3 117.0  10.0 -66.0
1995 210.500    7838 B      0  105    0  100 0.850  73.8 113.0  10.0 -56.0
1995 210.500    7839 B      0   18    0   10 0.362 239.2 188.0 -17.0  19.0
1995 210.500    7840 A      0    9    0   10 0.882  89.8 107.0  -3.0 -62.0
1995 211.500    7838 B      0  136    0  100 0.730  69.5 112.0  10.0 -44.0
1995 211.500    7840 A      0   13    0   10 0.743  88.0 108.0  -3.0 -48.0
1995 212.500    7838 A      0  186    0  110 0.531  60.9 115.0   9.0 -28.0
1995 212.500    7840 B      0   16    0   10 0.546  85.1 110.0  -3.0 -33.0
1995 213.500    7838 B      0  204    0  110 0.372  39.8 116.0  10.0 -14.0
1995 213.500    7840 B      0   18    0   10 0.347  80.1 110.0  -3.0 -20.0
1995 214.500    7838 A      0  192    0  100 0.273   0.0 117.0   9.0   0.0
1995 214.500    7841 B      0   37    0   20 0.313 298.5 133.0   2.0  16.0
1995 214.500    7842 A      0   18    0   30 0.951 102.5  44.0 -14.0 -73.0
1995 215.500    7838 B      0  149    0   80 0.353 324.6 116.0  10.0  12.0
1995 215.500    7840 A      0    0    0    0 0.131 292.2 111.0  -4.0   7.0
1995 215.500    7841 B      0   17    0   10 0.504 286.1 133.0   2.0  29.0
1995 215.500    7842 B      0   57    0   60 0.877 101.1  42.0 -13.0 -62.0
1995 216.500    7838 A      0  120    0   70 0.506 301.2 116.0   9.0  26.0
1995 216.500    7841 B      0   14    0   10 0.683 282.0 132.0   3.0  42.0
1995 216.500    7842 A      0   68    0   50 0.728 104.1  43.0 -15.0 -47.0
1995 216.500    7843 B      0   11    0   10 0.823 102.2  34.0 -14.0 -56.0
1995 217.500    7838 A      0   89    0   60 0.669 291.8 116.0   9.0  39.0
1995 217.500    7841 B      0   11    0   10 0.815 277.5 131.0   2.0  54.0
1995 217.500    7842 A      0   81    0   50 0.575 104.5  42.0 -14.0 -35.0
1995 217.500    7843 B      0   88    0   60 0.679 103.1  34.0 -14.0 -43.0
1995 218.500    7838 A      0   69    0   60 0.818 284.9 117.0   8.0  53.0
1995 218.500    7841 A      0    0    0    0 0.937 275.9 133.0   3.0  69.0
1995 218.500    7842 A      0  110    0   60 0.382 107.2  42.0 -13.0 -22.0
1995 218.500    7843 B      0  135    0   80 0.531 103.3  32.0 -13.0 -32.0
1995 219.500    7838 A      0   37    0   50 0.925 282.8 117.0   9.0  66.0
1995 219.500    7842 A      0   58    0   30 0.194 136.1  43.0 -15.0  -8.0
1995 219.500    7843 B      0  247    0  130 0.311 114.0  34.0 -14.0 -17.0
1995 219.500    7844 B      0   64    0   40 0.591  58.5  20.0  12.0 -31.0
1995 220.500    7838 A      0   20    0   60 0.985 279.4 117.0   8.0  79.0
1995 220.500    7842 A      0   59    0   30 0.146 224.4  44.0 -13.0   6.0
1995 220.500    7843 BD     0  397    0  200 0.115 153.8  35.0 -13.0  -3.0
1995 220.500    7844 B      0   54    0   30 0.408  41.5  22.0  11.0 -16.0
1995 221.500    7838 A      0    0    0   40 1.000 273.0 115.0   3.0  90.0
1995 221.500    7842 A      0   37    0   20 0.340 248.1  44.0 -14.0  19.0
1995 221.500    7843 B      0  273    0  140 0.208 234.1  35.0 -14.0  10.0
1995 221.500    7844 B      0   75    0   40 0.315   9.4  22.0  11.0  -3.0
1995 222.500    7842 A      0   33    0   20 0.532 255.0  43.0 -14.0  32.0
1995 222.500    7843 B      0  147    0   80 0.382 253.1  33.0 -13.0  22.0
1995 222.500    7844 B      0   55    0   30 0.375 330.2  22.0  12.0  11.0
1995 222.500    7845 A      0   23    0   40 0.955 102.5 297.0 -14.0 -74.0
1995 223.500    7842 A      0   42    0   30 0.703 258.7  43.0 -13.0  45.0
1995 223.500    7843 B      0   63    0   40 0.601 256.2  35.0 -14.0  37.0
1995 223.500    7844 B      0   68    0   40 0.509 308.6  22.0  12.0  24.0
1995 223.500    7845 A      0  126    0  120 0.851 100.9 299.0 -13.0 -59.0
1995 224.500    7842 A      0    0    0    0 0.841 259.1  43.0 -13.0  58.0
1995 224.500    7844 B      0   44    0   30 0.674 296.7  23.0  12.0  38.0
1995 224.500    7845 A      0   83    0   60 0.715 102.6 299.0 -14.0 -46.0
1995 225.500    7842 A      0    0    0    0 0.945 257.6  44.0 -14.0  72.0
1995 225.500    7844 B      0   57    0   50 0.818 288.9  24.0  11.0  52.0
1995 225.500    7845 A      0  100    0   60 0.544 102.8 299.0 -13.0 -33.0
1995 226.500    7844 B      0   14    0   20 0.928 284.9  25.0  11.0  66.0
1995 226.500    7845 B      0   93    0   50 0.350 108.0 299.0 -13.0 -20.0
1995 226.500    7846 B      0   71    0   70 0.859 104.4 259.0 -16.0 -60.0
1995 227.500    7845 B      0   79    0   40 0.156 130.6 298.0 -13.0  -7.0
1995 227.500    7846 B      0  248    0  170 0.681 105.8 262.0 -16.0 -43.0
1995 227.500    7847 A      0    9    0   10 0.868  99.7 244.0 -12.0 -61.0
1995 228.500    7845 B      0   78    0   40 0.168 224.8 299.0 -14.0   7.0
1995 228.500    7846 B      0  400    0  240 0.551 108.2 259.0 -16.0 -33.0
1995 228.500    7847 B      0   13    0   10 0.749  99.7 243.0 -12.0 -49.0
1995 3 1.500    7845 B      0   37    0   20 0.340 248.5 298.0 -14.0  19.0
1995 3 1.500    7846 B      0  727    0  390 0.360 113.3 259.0 -15.0 -20.0
1995 3 1.500    7847 B      0   16    0   10 0.557 100.8 245.0 -12.0 -34.0
1995 3 1.500    7848 B      0   39    0   20 0.113 153.1 276.0 -13.0  -3.0
1995 3 2.500    7845 B      0   16    0   10 0.530 257.0 298.0 -13.0  32.0
1995 3 2.500    7846 B      0  688    0  350 0.180 139.1 259.0 -15.0  -7.0
1995 3 2.500    7847 B      0   37    0   20 0.347 105.1 246.0 -12.0 -20.0
1995 3 2.500    7848 B      0   58    0   30 0.207 234.6 276.0 -14.0  10.0
1995 3 3.500    7845 A      0   14    0   10 0.714 258.9 299.0 -13.0  46.0
1995 3 3.500    7846 B      0  647    0  330 0.193 217.4 260.0 -16.0   7.0
1995 3 3.500    7847 A      0   19    0   10 0.108 127.6 248.0 -11.0  -5.0
1995 3 3.500    7848 B      0  271    0  150 0.427 254.8 278.0 -13.0  25.0
1995 3 4.500    7846 B      0  505    0  270 0.351 243.1 259.0 -16.0  19.0
1995 3 4.500    7847 A      0   19    0   10 0.199 250.1 251.0 -11.0  11.0
1995 3 4.500    7848 B      0  173    0  110 0.613 258.1 278.0 -13.0  38.0
1995 3 4.500    7849 B      0   36    0   20 0.419 266.6 265.0  -8.0  25.0
1995 3 5.500    7846 B      0  383    0  230 0.551 251.8 259.0 -16.0  33.0
1995 3 5.500    7847 A      0    0    0    0 0.331 254.3 245.0 -12.0  19.0
1995 3 5.500    7848 B      0  124    0  100 0.782 257.9 278.0 -14.0  52.0
1995 3 5.500    7849 B      0   46    0   30 0.625 267.8 265.0  -7.0  39.0
1995 3 5.500    7850 B      0   18    0   10 0.375 133.8 209.0 -22.0 -17.0
1995 3 6.500    7846 B      0  241    0  170 0.705 254.6 258.0 -16.0  45.0
1995 3 6.500    7848 B      0   48    0   60 0.914 257.9 280.0 -14.0  67.0
1995 3 6.500    7849 A      0   12    0   10 0.794 266.7 266.0  -7.0  53.0
1995 3 7.500    7846 B      0  168    0  160 0.851 255.6 259.0 -16.0  59.0
1995 3 7.500    7848 A      0   18    0   50 0.983 257.0 281.0 -14.0  81.0
1995 3 7.500    7849 B      0   34    0   40 0.902 265.7 265.0  -7.0  65.0
1995 3 8.500    7846 B      0   79    0  120 0.944 256.6 259.0 -15.0  72.0
1995 3 8.500    7848 A      0    0    0   40 1.000 254.7 280.0 -15.0  93.0
1995 3 8.500    7849 A      0    0    0    0 0.986 265.1 268.0  -6.0  81.0
1995 3 9.500    7846 A      0    0    0   50 1.000 255.0 265.0 -15.0  91.0
1995 3 9.500    7849 A      0    0    0    0 1.000 263.8 266.0  -6.0  92.0
1995 311.500    7851 A      0    0    0    0 0.884 103.2  84.0 -15.0 -63.0
1995 312.500    7851 A      0    0    0    0 0.738 102.4  86.0 -14.0 -48.0
1995 312.500    7852 B      0   18    0   10 0.372  90.9 112.0  -7.0 -22.0
1995 313.500    7851 A      0    0    0    0 0.574 104.2  86.0 -14.0 -35.0
1995 313.500    7852 B      0   19    0   10 0.157  83.1 112.0  -6.0  -9.0
1995 313.500    7853 B      0   13    0   10 0.724 288.3 165.0   8.0  44.0
1995 314.500    7851 B      0   18    0   10 0.375 112.7  87.0 -15.0 -21.0
1995 314.500    7853 A      0    0    0    0 0.864 283.6 166.0   8.0  58.0
1995 314.500    7854 B      0   67    0  120 0.960 103.6  33.0 -15.0 -75.0
1995 315.500    7851 B      0   19    0   10 0.157 139.8  89.0 -14.0  -6.0
1995 315.500    7854 B      0  176    0  210 0.907 103.3  29.0 -15.0 -66.0
1995 316.500    7854 B      0  268    0  220 0.793 103.5  29.0 -15.0 -53.0
1995 317.500    7854 B      0  321    0  210 0.643 104.9  28.0 -15.0 -40.0
1995 317.500    7855 A      0   18    0   10 0.359 145.0  55.0 -24.0 -13.0
1995 318.500    7854 B      0  356    0  200 0.453 111.7  29.0 -16.0 -26.0
1995 318.500    7855 A      0    0    0    0 0.325 182.8  56.0 -26.0   1.0
1995 318.500    7856 B      0   73    0   50 0.673  63.4  17.0  12.0 -38.0
1995 318.500    7857 A      0    7    0   10 0.920  71.5 351.0  14.0 -64.0
1995 319.500    7854 B      0  385    0  200 0.268 126.3  29.0 -16.0 -13.0
1995 319.500    7855 A      0    0    0    0 0.290 206.4  50.0 -22.0   8.0
1995 319.500    7856 B      0   86    0   50 0.508  51.6  18.0  12.0 -24.0
1995 319.500    7857 B      0   33    0   30 0.829  66.6 350.0  15.0 -52.0
1995 320.500    7854 BG     0  375    0  190 0.160 192.1  31.0 -16.0   2.0
1995 320.500    7856 B      0   37    0   20 0.366  27.7  19.0  12.0 -10.0
1995 320.500    7857 B      0   72    0   50 0.690  59.6 351.0  15.0 -38.0
1995 321.500    7854 B      0  286    0  150 0.292 232.5  30.0 -17.0  14.0
1995 321.500    7856 B      0   18    0   10 0.329 351.0  19.0  12.0   3.0
1995 321.500    7857 B      0  182    0  110 0.556  47.0 351.0  16.0 -25.0
1995 322.500    7854 B      0  247    0  140 0.468 248.7  29.0 -16.0  27.0
1995 322.500    7856 A      0    0    0    0 0.461 313.5  22.0  12.0  20.0
1995 322.500    7857 B      0  233    0  130 0.443  29.2 349.0  16.0 -13.0
1995 323.500    7854 B      0  248    0  160 0.630 254.6  28.0 -15.0  39.0
1995 323.500    7857 B      0  164    0   90 0.405   0.0 349.0  17.0   0.0
1995 323.500    7858 B      0   12    0   20 0.950 105.7 276.0 -17.0 -73.0
1995 324.500    7854 B      0  182    0  150 0.794 256.3  29.0 -15.0  53.0
1995 324.500    7857 B      0  161    0   90 0.442 330.7 349.0  16.0  13.0
1995 324.500    7858 B      0   51    0   50 0.860 105.7 276.0 -17.0 -60.0
1995 325.500    7854 B      0  101    0  120 0.907 256.6  29.0 -15.0  66.0
1995 325.500    7856 B      0   10    0   10 0.838 289.1  17.0  12.0  54.0
1995 325.500    7857 B      0   82    0   50 0.565 311.7 349.0  16.0  26.0
1995 325.500    7858 B      0   67    0   50 0.741 105.5 275.0 -16.0 -48.0
1995 326.500    7854 B      0   47    0  130 0.983 254.9  31.0 -16.0  81.0
1995 326.500    7856 A      0    6    0   10 0.939 284.3  18.0  11.0  68.0
1995 326.500    7857 B      0   55    0   40 0.715 300.3 350.0  16.0  40.0
1995 326.500    7858 B      0  197    0  120 0.567 108.5 276.0 -16.0 -34.0
1995 326.500    7859 B      0   19    0   10 0.122  84.2 303.0  -6.0  -7.0
1995 327.500    7854 A      0    0    0    0 1.000 254.8  29.0 -15.0  93.0
1995 327.500    7857 A      0    0    0    0 0.868 294.0 352.0  17.0  56.0
1995 327.500    7858 BGD    0  406    0  220 0.384 116.1 275.0 -16.0 -21.0
1995 328.500    7858 BGD    0  391    0  200 0.210 134.1 274.0 -15.0  -9.0
1995 329.500    7858 BGD    0  334    0  170 0.178 214.6 276.0 -15.0   6.0
1995 329.500    7860 B      0   19    0   10 0.160  60.3 262.0  -2.0  -8.0
1995 329.500    7861 B      0    0    0    0 0.146 287.8 278.0  -4.0   8.0
1995 330.500    7858 B      0  260    0  140 0.364 245.1 277.0 -15.0  20.0
1995 330.500    7860 B      0   19    0   10 0.145 302.9 264.0  -2.0   7.0
1995 330.500    7862 B      0    0    0    0 0.240  92.6 243.0  -7.0 -14.0
1995 331.500    7858 B      0  216    0  130 0.554 250.8 277.0 -16.0  33.0
1995 331.500    7860 B      0   18    0   10 0.349 281.9 264.0  -2.0  20.0
1995 4 1.500    7858 A      0  120    0   90 0.741 255.6 279.0 -15.0  48.0
1995 4 1.500    7860 B      0   16    0   10 0.562 276.0 265.0  -2.0  34.0
1995 4 2.500    7858 A      0   38    0   40 0.878 256.4 279.0 -15.0  62.0
1995 4 2.500    7860 B      0   40    0   30 0.744 273.1 265.0  -2.0  48.0
1995 4 3.500    7858 A      0    5    0   10 0.956 256.2 278.0 -15.0  74.0
1995 4 3.500    7860 B      0   28    0   30 0.883 271.1 266.0  -2.0  62.0
1995 4 4.500    7860 A      0    4    0   10 0.971 271.6 267.0   0.0  76.0
1995 410.500    7863 B      0    5    0   10 0.960  92.5  38.0  -4.0 -74.0
1995 411.500    7863 B      0  110    0  110 0.864  92.4  39.0  -5.0 -60.0
1995 412.500    7863 B      0  153    0  110 0.718  90.0  39.0  -4.0 -46.0
1995 413.500    7863 B      0  335    0  200 0.543  88.7  39.0  -4.0 -33.0
1995 413.500    7864 B      0   15    0   10 0.612  63.8  38.0  11.0 -34.0
1995 414.500    7863 BG     0  491    0  260 0.326  86.1  40.0  -4.0 -19.0
1995 414.500    7864 B      0   71    0   40 0.439  53.4  38.0  10.0 -21.0
1995 415.500    7863 BG     0  557    0  280 0.097  63.8  41.0  -3.0  -5.0
1995 415.500    7864 B      0  172    0   90 0.286  21.1  40.0  10.0  -6.0
1995 416.500    7863 BG     0  394    0  200 0.158 278.4  42.0  -4.0   9.0
1995 416.500    7864 B      0  152    0   80 0.300 340.0  39.0  11.0   6.0
1995 417.500    7863 B      0  463    0  250 0.376 275.1  41.0  -3.0  22.0
1995 417.500    7864 B      0  144    0   80 0.425 307.5  39.0  10.0  20.0
1995 418.500    7863 B      0  275    0  170 0.586 270.4  42.0  -4.0  36.0
1995 418.500    7864 B      0  111    0   70 0.604 294.2  40.0  10.0  34.0
1995 419.500    7863 B      0  283    0  220 0.764 267.8  43.0  -5.0  50.0
1995 419.500    7864 B      0  102    0   80 0.768 287.6  41.0  10.0  48.0
1995 420.500    7863 B      0  183    0  200 0.889 268.1  43.0  -4.0  63.0
1995 420.500    7864 A      0    0    0    0 0.910 283.4  44.0  10.0  64.0
1995 421.500    7863 B      0  119    0  280 0.977 267.0  44.0  -4.0  78.0
1995 422.500    7863 B      0   12    0  100 0.998 265.7  47.0  -4.0  94.0
1995 429.500    7865 B      0    0    0    0 0.778 287.8 270.0  11.0  49.0
1995 5 1.500    7866 B      0   16    0   10 0.576 295.5 226.0  11.0  32.0
1995 5 4.500    7867 B      0   12    0   10 0.799 259.0 208.0 -11.0  53.0
1995 5 5.500    7867 B      0    8    0   10 0.912 259.5 207.0 -11.0  66.0
1995 5 6.500    7868 A      0    0    0    0 0.952  77.3  57.0  11.0 -71.0
1995 5 6.500    7869 A      0   35    0  100 0.984  92.4  48.0  -3.0 -80.0
1995 5 7.500    7869 A      0  105    0  120 0.898  91.7  51.0  -3.0 -64.0
1995 5 8.500    7869 A      0  189    0  150 0.776  91.2  51.0  -3.0 -51.0
1995 5 9.500    7869 A      0  217    0  140 0.629  90.9  50.0  -3.0 -39.0
1995 510.500    7869 A      0  199    0  110 0.422  90.6  50.0  -3.0 -25.0
1995 510.500    7870 A      0    0    0    0 0.756  71.2  28.0  12.0 -47.0
1995 511.500    7869 A      0  156    0   80 0.208  90.7  50.0  -3.0 -12.0
1995 511.500    7870 A      0    0    0    0 0.556  61.2  32.0  13.0 -30.0
1995 512.500    7869 B      0  139    0   70 0.018 259.5  50.0  -3.0   1.0
1995 512.500    7870 B      0   37    0   20 0.349  51.0  33.0  10.0 -16.0
1995 513.500    7869 B      0   58    0   30 0.242 268.4  50.0  -3.0  14.0
1995 513.500    7870 B      0  214    0  110 0.226  13.2  33.0  10.0  -3.0
1995 513.500    7871 B      0   15    0   10 0.617 114.4   0.0 -17.0 -36.0
1995 513.500    7872 B      0   10    0   20 0.966  76.8 322.0  12.0 -74.0
1995 514.500    7869 B      0   34    0   20 0.485 266.4  51.0  -4.0  29.0
1995 514.500    7870 B      0  211    0  110 0.275 316.7  33.0   9.0  11.0
1995 514.500    7871 B      0   18    0   10 0.417 124.3   1.0 -16.0 -21.0
1995 514.500    7872 B      0   18    0   20 0.887  73.9 321.0  13.0 -61.0
1995 515.500    7869 B      0   15    0   10 0.656 265.2  50.0  -5.0  41.0
1995 515.500    7870 B      0  252    0  140 0.433 296.9  32.0   9.0  23.0
1995 515.500    7871 B      0   38    0   20 0.262 153.4   2.0 -16.0  -7.0
1995 515.500    7872 A      0   13    0   10 0.742  71.4 323.0  12.0 -46.0
1995 516.500    7870 B      0  343    0  220 0.624 287.6  33.0   9.0  37.0
1995 516.500    7871 B      0  251    0  130 0.249 208.2   3.0 -15.0   7.0
1995 516.500    7872 A      0    0    0    0 0.567  66.6 324.0  11.0 -32.0
1995 517.500    7870 B      0  331    0  270 0.790 284.5  34.0  10.0  51.0
1995 517.500    7871 B      0  537    0  290 0.377 236.9   2.0 -14.0  19.0
1995 518.500    7870 B      0  265    0  300 0.897 281.1  33.0   9.0  63.0
1995 518.500    7871 B      0  646    0  390 0.560 246.0   2.0 -15.0  32.0
1995 519.500    7870 B      0   95    0  190 0.968 279.8  31.0   9.0  75.0
1995 519.500    7871 B      0  477    0  350 0.731 252.6   2.0 -14.0  46.0
1995 520.500    7870 A      0    5    0   40 0.998 280.1  29.0  10.0  86.0
1995 520.500    7871 B      0  283    0  280 0.862 254.8   2.0 -14.0  59.0
1995 521.500    7871 B      0  145    0  250 0.957 255.9   3.0 -14.0  73.0
1995 522.500    7871 B      0   17    0  110 0.997 256.1   3.0 -14.0  86.0
1995 528.500    7873 A      0   15    0   10 0.631  74.4 159.0   9.0 -38.0
1995 529.500    7873 B      0   57    0   30 0.267  50.3 172.0   9.0 -12.0
1995 530.500    7873 A      0   19    0   10 0.229  42.5 162.0   9.0  -9.0
1995 531.500    7873 A      0    0    0    0 0.196 339.5 162.0  10.0   4.0
1995 6 1.500    7873 A      0    0    0    0 0.361 297.0 163.0   9.0  19.0
1995 6 2.500    7874 A      0   19    0   10 0.018  71.0 130.0   0.0  -1.0
1995 6 3.500    7873 A      0    0    0    0 0.714 288.6 162.0  13.0  44.0
1995 6 3.500    7874 B      0   19    0   10 0.208 271.0 130.0   0.0  12.0
1995 6 3.500    7875 A      0    0    0    0 0.778 111.9  69.0 -17.0 -49.0
1995 6 4.500    7874 B      0   71    0   40 0.454 272.4 132.0   1.0  27.0
1995 6 4.500    7875 A      0    0    0    0 0.633 117.4  69.0 -17.0 -36.0
1995 6 5.500    7874 B      0  267    0  180 0.669 271.5 133.0   1.0  42.0
1995 6 5.500    7875 A      0    0    0    0 0.463 129.2  69.0 -17.0 -22.0
1995 6 5.500    7876 A      0    0    0    0 0.864 283.9 150.0  12.0  59.0
1995 6 5.500    7877 A      0    0    0    0 0.631  74.0  53.0  10.0 -38.0
1995 6 6.500    7874 B      0  174    0  160 0.839 269.9 135.0   0.0  57.0
1995 6 6.500    7876 A      0    0    0    0 0.930 282.9 146.0  12.0  68.0
1995 6 6.500    7877 B      0   18    0   10 0.430  69.0  54.0   9.0 -24.0
1995 6 7.500    7874 B      0  109    0  160 0.940 268.8 135.0  -1.0  70.0
1995 6 7.500    7877 B      0  174    0   90 0.256  53.5  53.0   9.0 -12.0
1995 6 8.500    7874 A      0   19    0  100 0.995 269.0 136.0  -1.0  84.0
1995 6 8.500    7875 A      0    0    0    0 0.342 209.1  62.0 -17.0  10.0
1995 6 8.500    7877 B      0  395    0  200 0.151 353.4  53.0   9.0   1.0
1995 6 9.500    7877 B      0  402    0  210 0.288 297.0  53.0   8.0  15.0
1995 610.500    7877 B      0  398    0  230 0.501 287.1  54.0   9.0  29.0
1995 610.500    7878 A      0   12    0   10 0.778 255.3  75.0 -11.0  50.0
1995 610.500    7879 A      0    0    0    0 0.288 173.3  23.0 -16.0  -2.0
1995 611.500    7877 B      0  323    0  220 0.677 282.5  54.0   9.0  42.0
1995 612.500    7877 B      0  189    0  170 0.831 279.1  55.0   8.0  56.0
1995 613.500    7877 B      0   85    0  120 0.934 278.2  55.0   8.0  69.0
1995 614.500    7877 B      0    6    0   70 0.999 278.0  59.0   8.0  87.0
1995 617.500    7880 A      0    0    0    0 0.469 105.7 266.0  -6.0 -27.0
1995 618.500    7881 B      0   19    0   10 0.105  95.4 273.0   1.0  -6.0
1995 618.500    7882 A      0   55    0   80 0.939  84.2 209.0   6.0 -70.0
1995 619.500    7881 A      0    0    0    0 0.139 272.3 274.0   2.0   8.0
1995 619.500    7882 B      0  120    0  120 0.866  82.9 206.0   7.0 -60.0
1995 620.500    7882 B      0  146    0  110 0.744  82.2 205.0   7.0 -48.0
1995 621.500    7882 B      0  217    0  130 0.549  80.2 207.0   7.0 -33.0
1995 622.500    7882 B      0  111    0   60 0.363  78.7 205.0   6.0 -21.0
1995 623.500    7882 B      0  118    0   60 0.131  67.7 206.0   5.0  -7.0
1995 623.500    7883 A      0    0    0    0 0.951  89.6 141.0   1.0 -72.0
1995 624.500    7882 B      0  158    0   80 0.131 291.5 207.0   5.0   7.0
1995 625.500    7882 B      0  112    0   60 0.343 275.1 207.0   4.0  20.0
1995 626.500    7882 B      0   67    0   40 0.544 273.5 206.0   4.0  33.0
1995 627.500    7882 B      0   13    0   10 0.742 271.7 208.0   3.0  48.0
1995 628.500    7882 B      0    8    0   10 0.898 272.0 211.0   3.0  64.0
1995 629.500    7884 A      0    0    0    0 0.018 279.5 135.0   3.0   1.0
1995 629.500    7885 A      0    0    0    0 0.932  81.4  65.0   9.0 -69.0
1995 629.500    7886 B      0   17    0   10 0.464  67.0 108.0  13.0 -26.0
1995 630.500    7885 A      0    0    0    0 0.809  82.2  67.0   8.0 -54.0
1995 630.500    7886 B      0   57    0   30 0.271  54.2 108.0  12.0 -13.0
1995 630.500    7887 A      0   60    0  130 0.973  78.4  44.0  12.0 -77.0
1995 7 1.500    7885 A      0    0    0    0 0.645  79.7  67.0   9.0 -40.0
1995 7 1.500    7886 B      0   39    0   20 0.122   8.1 106.0  10.0  -1.0
1995 7 1.500    7887 B      0  180    0  220 0.912  80.4  41.0  10.0 -66.0
1995 7 2.500    7885 A      0    0    0    0 0.456  80.8  67.0   7.0 -27.0
1995 7 2.500    7886 B      0   19    0   10 0.255 289.7 108.0   8.0  14.0
1995 7 2.500    7887 B      0  258    0  210 0.789  79.8  42.0  10.0 -52.0
1995 7 3.500    7887 B      0  325    0  210 0.633  78.2  42.0  10.0 -39.0
1995 7 4.500    7885 A      0    0    0    0 0.471  70.6  62.0  12.0 -27.0
1995 7 4.500    7887 B      0  324    0  180 0.433  73.8  43.0  10.0 -25.0
1995 7 5.500    7885 A      0    0    0    0 0.205 292.9  65.0   8.0  11.0
1995 7 5.500    7887 B      0  370    0  190 0.220  58.6  43.0  10.0 -11.0
1995 7 6.500    7885 A      0    0    0    0 0.294 292.8  60.0  10.0  16.0
1995 7 6.500    7887 B      0  336    0  170 0.146 332.1  40.0  11.0   4.0
1995 7 6.500    7888 B      0   96    0   90 0.844 105.4 340.0 -11.0 -56.0
1995 7 7.500    7887 B      0  323    0  170 0.309 291.4  40.0  10.0  17.0
1995 7 7.500    7888 B      0  213    0  120 0.457 123.0 340.0 -11.0 -23.0
1995 7 7.500    7889 A      0    0    0    0 0.444 124.1   1.0 -11.0 -22.0
1995 7 8.500    7887 B      0  337    0  190 0.462 284.4  42.0  10.0  27.0
1995 7 8.500    7888 B      0   79    0   50 0.601 114.0 341.0 -11.0 -34.0
1995 7 9.500    7887 B      0  279    0  180 0.630 279.5  40.0   9.0  39.0
1995 7 9.500    7888 B      0  124    0   70 0.459 123.3 338.0 -11.0 -23.0
1995 710.500    7887 A      0  142    0  130 0.837 276.9  45.0   8.0  57.0
1995 710.500    7888 B      0   38    0   20 0.285 155.1 341.0 -11.0  -7.0
1995 711.500    7887 A      0  103    0  150 0.938 277.0  45.0   8.0  70.0
1995 711.500    7888 B      0   57    0   30 0.286 204.7 342.0 -11.0   7.0
1995 712.500    7887 A      0   26    0  120 0.994 277.6  46.0   8.0  84.0
1995 712.500    7888 B      0   18    0   10 0.401 233.0 341.0 -10.0  19.0
1995 712.500    7890 A      0    0    0    0 0.641  87.2 282.0   5.0 -40.0
1995 713.500    7887 A      0   10    0   60 0.996 279.5  44.0   9.0  96.0
1995 713.500    7890 A      0   17    0   10 0.468  87.4 280.0   5.0 -28.0
1995 714.500    7890 B      0  134    0   70 0.276  94.4 279.0   3.0 -16.0
1995 715.500    7890 B      0  339    0  170 0.043 126.6 280.0   3.0  -2.0
1995 716.500    7890 B      0  293    0  150 0.209 262.9 281.0   3.0  12.0
1995 717.500    7890 B      0  165    0   90 0.390 269.2 279.0   4.0  23.0
1995 718.500    7890 B      0  110    0   70 0.614 272.0 280.0   5.0  38.0
1995 719.500    7890 B      0   49    0   40 0.786 271.3 281.0   4.0  52.0
1995 719.500    7891 B      0   57    0   30 0.312  79.1 211.0   8.0 -18.0
1995 720.500    7890 A      0    0    0    0 0.896 274.3 280.0   6.0  64.0
1995 720.500    7891 B      0   39    0   20 0.087  52.2 212.0   8.0  -4.0
1995 720.500    7892 B      0   18    0   10 0.417 193.7 222.0 -19.0   6.0
1995 721.500    7891 B      0   19    0   10 0.210 280.0 215.0   7.0  12.0
1995 721.500    7892 B      0    0    0    0 0.510 214.7 221.0 -20.0  18.0
1995 722.500    7891 A      0   18    0   10 0.346 282.2 209.0   9.0  20.0
1995 726.500    7893 A      0   18    0   10 0.408 153.3 125.0 -16.0 -11.0
1995 727.500    7893 B      0    0    0    0 0.401 184.8 125.0 -18.0   2.0
1995 731.500    7894 B      0   17    0   10 0.472  77.5  42.0  11.0 -28.0
1995 8 1.500    7894 B      0   76    0   40 0.291  67.8  41.0  12.0 -16.0
1995 8 2.500    7894 B      0   59    0   30 0.124   7.9  43.0  13.0  -1.0
1995 8 3.500    7894 B      0   77    0   40 0.237 301.4  43.0  13.0  12.0
1995 8 4.500    7894 B      0   53    0   30 0.447 287.0  43.0  13.0  26.0
1995 8 4.500    7895 A      0    0    0    0 0.776 100.2 327.0  -4.0 -50.0
1995 8 5.500    7894 A      0    0    0    0 0.628 281.5  43.0  12.0  39.0
1995 8 5.500    7896 B      0   19    0   10 0.076 223.5   7.0   3.0   3.0
1995 8 6.500    7894 A      0    0    0    0 0.773 280.4  42.0  12.0  51.0
1995 8 6.500    7895 B      0   17    0   10 0.460 118.5 327.0  -7.0 -24.0
1995 8 6.500    7896 B      0  152    0   80 0.297 260.0   8.0   3.0  17.0
1995 8 7.500    7895 A      0    0    0    0 0.286 142.9 328.0  -7.0 -10.0
1995 8 7.500    7896 B      0   69    0   40 0.501 265.1   8.0   3.0  30.0
1995 8 8.500    7896 B      0   13    0   10 0.720 266.6  11.0   2.0  46.0
1995 810.500    7897 A      0    5    0   10 0.955  87.8 225.0   4.0 -73.0
1995 810.500    7898 B      0   38    0   20 0.303  70.5 281.0  12.0 -17.0
1995 811.500    7897 A      0   10    0   10 0.864  89.2 225.0   4.0 -60.0
1995 811.500    7898 A      0   19    0   10 0.063  15.8 284.0  10.0  -1.0
1995 812.500    7899 A      0    9    0   10 0.880 115.7 215.0 -19.0 -57.0
1995 813.500    7899 A      0    0    0    0 0.755 120.8 215.0 -18.0 -43.0
1995 815.500    7897 A      0    0    0    0 0.170 125.3 224.0   1.0  -8.0
1995 815.500    7899 B      0   17    0   10 0.495 143.3 214.0 -17.0 -18.0
1995 815.500    7900 B      0   36    0   20 0.420 269.8 257.0   6.0  25.0
1995 816.500    7897 B      0   19    0   10 0.138 242.0 226.0   3.0   7.0
1995 816.500    7899 B      0   18    0   10 0.408 170.6 215.0 -17.0  -4.0
1995 816.500    7900 B      0   32    0   20 0.599 271.0 256.0   6.0  37.0
1995 817.500    7897 A      0    0    0    0 0.344 263.0 226.0   4.0  20.0
1995 817.500    7899 A      0    0    0    0 0.441 204.4 217.0 -17.0  11.0
1995 817.500    7900 B      0   25    0   20 0.762 273.4 256.0   7.0  50.0
1995 819.500    7899 B      0    0    0    0 0.677 233.7 214.0 -18.0  35.0
1995 820.500    7899 B      0    0    0    0 0.813 242.0 215.0 -18.0  49.0
1995 822.500    7901 A      0    0    0    0 0.087 126.7 135.0   4.0  -4.0
1995 823.500    7901 B      0   59    0   30 0.176 259.1 136.0   5.0  10.0
1995 824.500    7901 B      0  126    0   70 0.422 266.7 138.0   5.0  25.0
1995 824.500    7902 B      0   35    0   20 0.444 232.8 134.0  -9.0  21.0
1995 825.500    7901 B      0  199    0  130 0.642 267.8 140.0   4.0  40.0
1995 825.500    7902 B      0   62    0   40 0.627 244.3 135.0 -10.0  35.0
1995 825.500    7903 A      0   34    0   80 0.976  85.4  22.0   6.0 -78.0
1995 825.500    7904 B      0   12    0   10 0.782  81.6  48.0  11.0 -52.0
1995 826.500    7901 B      0  118    0  100 0.807 269.8 141.0   4.0  54.0
1995 826.500    7902 B      0   37    0   30 0.775 250.9 135.0 -10.0  48.0
1995 826.500    7903 A      0   94    0  110 0.904  87.8  22.0   5.0 -65.0
1995 826.500    7904 B      0   15    0   10 0.626  79.7  48.0  12.0 -39.0
1995 827.500    7901 B      0   55    0   70 0.919 270.2 140.0   3.0  67.0
1995 827.500    7902 B      0   16    0   20 0.908 254.4 136.0 -11.0  63.0
1995 827.500    7903 B      0  193    0  160 0.797  90.4  20.0   4.0 -53.0
1995 828.500    7901 B      0    4    0   20 0.994 272.2 144.0   3.0  84.0
1995 828.500    7903 B      0  217    0  140 0.630  94.1  21.0   3.0 -39.0
1995 829.500    7903 B      0  233    0  130 0.439  95.6  21.0   4.0 -26.0
1995 830.500    7903 B      0  195    0  100 0.219 108.7  22.0   3.0 -12.0
1995 831.500    7903 B      0  219    0  110 0.075 193.4  22.0   3.0   1.0
1995 9 1.500    7903 B      0  192    0  100 0.268 255.0  22.0   3.0  15.0
1995 9 2.500    7903 A      0  136    0   80 0.517 263.8  25.0   3.0  31.0
1995 9 3.500    7903 A      0  100    0   70 0.695 266.8  25.0   3.0  44.0
1995 9 4.500    7903 A      0   87    0   80 0.838 268.9  25.0   3.0  57.0
1995 9 4.500    7904 B      0    4    0   20 0.993 274.2  52.0   5.0  84.0
1995 9 5.500    7903 A      0   52    0   80 0.944 270.7  26.0   3.0  71.0
1995 9 6.500    7903 A      0   15    0   70 0.994 272.2  25.0   3.0  84.0
1995 912.500    7905 B      0    0    0    0 0.915 278.9 289.0  11.0  67.0
1995 913.500    7905 A      0    0    0    0 0.992 280.2 293.0  11.0  84.0
1995 915.500    7906 B      0    8    0   20 0.979 248.8 257.0 -19.0  75.0
1995 916.500    7906 A      0    0    0    0 1.000 252.6 255.0 -17.0  86.0
1995 919.500    7907 B      0   67    0  100 0.941  82.9  59.0   9.0 -71.0
1995 920.500    7907 B      0  117    0  120 0.872  88.2  55.0   5.0 -61.0
1995 921.500    7907 B      0  109    0   70 0.625  87.6  55.0   7.0 -39.0
1995 921.500    7908 A      0   23    0   20 0.801  94.0  50.0   1.0 -53.0
1995 921.500    7909 A      0    0    0    0 0.923 100.6  45.0  -7.0 -66.0
1995 922.500    7907 B      0  137    0   80 0.512  82.2  55.0  10.0 -31.0
1995 922.500    7908 A      0   45    0   30 0.653  88.9  50.0   6.0 -41.0
1995 922.500    7909 A      0    0    0    0 0.878  95.0  45.0  -1.0 -61.0
1995 923.500    7907 B      0   96    0   50 0.274  85.3  59.0   8.0 -16.0
1995 923.500    7908 A      0   53    0   30 0.453  92.7  50.0   5.0 -27.0
1995 923.500    7909 A      0    0    0    0 0.731 100.7  32.0  -3.0 -46.0
1995 924.500    7907 B      0   79    0   40 0.017  86.5  59.0   7.0  -1.0
1995 924.500    7908 A      0   38    0   20 0.230 102.1  50.0   4.0 -13.0
1995 924.500    7909 A      0    0    0    0 0.569 107.4  31.0  -4.0 -33.0
1995 925.500    7907 B      0   38    0   20 0.224 275.7  63.0   8.0  13.0
1995 925.500    7908 B      0   19    0   10 0.037 152.3  49.0   5.0  -1.0
1995 925.500    7909 A      0    0    0    0 0.387 118.1  30.0  -4.0 -20.0
1995 926.500    7907 B      0   35    0   20 0.466 274.1  65.0   8.0  28.0
1995 926.500    7908 B      0   19    0   10 0.224 266.9  50.0   6.0  13.0
1995 926.500    7909 A      0    0    0    0 0.209 144.5  30.0  -3.0  -7.0
1995 927.500    7907 B      0   14    0   10 0.665 272.9  66.0   7.0  42.0
1995 927.500    7908 A      0   18    0   10 0.420 269.6  49.0   6.0  25.0
1995 927.500    7909 B      0   19    0   10 0.207 204.9  29.0  -4.0   5.0
1995 928.500    7907 A      0    0    0    0 0.834 273.9  68.0   7.0  57.0
1995 929.500    7907 A      0    0    0    0 0.942 275.1  69.0   7.0  71.0
1995 930.500    7907 A      0    0    0    0 0.983 274.9  64.0   6.0  80.0
199510 7.500    7910 A      0   61    0  120 0.967 101.0 178.0  -9.0 -74.0
199510 8.500    7910 B      0  155    0  180 0.902 102.0 176.0  -8.0 -63.0
199510 8.500    7911 B      0   19    0   10 0.122  83.4 232.0   7.0  -7.0
199510 9.500    7910 B      0  222    0  170 0.757 107.5 179.0  -9.0 -47.0
199510 9.500    7911 B      0   39    0   20 0.122 277.2 233.0   7.0   7.0
19951010.500    7910 A      0  242    0  150 0.591 114.4 180.0  -9.0 -33.0
19951010.500    7911 B      0   74    0   40 0.356 270.8 234.0   6.0  21.0
19951010.500    7912 B      0   29    0   50 0.955 103.6 142.0 -11.0 -71.0
19951011.500    7910 B      0  180    0  100 0.432 128.7 179.0 -10.0 -20.0
19951011.500    7911 B      0  115    0   70 0.570 273.6 234.0   7.0  35.0
19951011.500    7912 B      0  288    0  280 0.857 105.5 142.0 -10.0 -57.0
19951011.500    7913 B      0   13    0   10 0.747 119.2 156.0 -17.0 -43.0
19951012.500    7910 B      0  359    0  190 0.321 154.8 178.0 -11.0  -8.0
19951012.500    7911 B      0   66    0   50 0.751 274.1 235.0   7.0  49.0
19951012.500    7912 BG     0  600    0  430 0.716 110.2 143.0 -10.0 -43.0
19951012.500    7913 B      0   31    0   20 0.609 128.2 156.0 -17.0 -30.0
19951013.500    7910 B      0  230    0  120 0.282 194.1 177.0 -10.0   4.0
19951013.500    7911 B      0   38    0   40 0.879 274.8 235.0   7.0  62.0
19951013.500    7912 BG     0  654    0  390 0.544 118.7 144.0 -10.0 -29.0
19951013.500    7913 B      0   17    0   10 0.476 144.0 156.0 -17.0 -17.0
19951014.500    7910 B      0  237    0  130 0.405 225.2 177.0 -11.0  17.0
19951014.500    7911 A      0    7    0   20 0.980 276.0 239.0   7.0  79.0
19951014.500    7912 B      0  536    0  290 0.382 134.7 144.0 -10.0 -16.0
19951014.500    7913 B      0   18    0   10 0.409 170.7 156.0 -18.0  -4.0
19951015.500    7910 B      0  182    0  110 0.560 250.3 179.0  -6.0  32.0
19951015.500    7912 B      0  482    0  250 0.260 168.5 144.0  -9.0  -3.0
19951015.500    7913 A      0    0    0    0 0.426 205.4 158.0 -17.0  11.0
19951016.500    7910 A      0  159    0  120 0.748 251.3 179.0 -10.0  46.0
19951016.500    7912 B      0  436    0  230 0.318 212.5 143.0 -10.0  10.0
19951016.500    7914 B      0    8    0   10 0.910 276.2 199.0   8.0  66.0
19951016.500    7915 B      0   17    0   10 0.505 262.2 163.0   1.0  30.0
19951017.500    7910 A      0  104    0  110 0.881 255.5 180.0 -10.0  60.0
19951017.500    7912 B      0  418    0  240 0.491 238.0 145.0 -10.0  25.0
19951017.500    7914 A      0    8    0   30 0.991 277.3 203.0   8.0  83.0
19951017.500    7916 B      0   19    0   10 0.274 241.9 134.0  -2.0  14.0
19951018.500    7910 A      0   53    0  100 0.963 258.0 180.0 -10.0  73.0
19951018.500    7912 B      0  367    0  240 0.643 247.3 144.0 -10.0  37.0
19951018.500    7916 B      0   17    0   10 0.455 254.6 133.0  -2.0  26.0
19951019.500    7910 A      0    3    0   40 0.999 259.8 181.0 -10.0  87.0
19951019.500    7912 B      0  238    0  200 0.802 252.0 145.0 -11.0  51.0
19951020.500    7912 B      0  109    0  150 0.931 256.0 148.0 -11.0  67.0
19951020.500    7917 B      0    0    0    0 0.916 102.3  16.0  -9.0 -65.0
19951020.500    7918 A      0   59    0  110 0.963  83.2   6.0   8.0 -75.0
19951021.500    7912 A      0   35    0  150 0.993 259.2 149.0 -10.0  82.0
19951021.500    7917 B      0   22    0   20 0.819 106.1  14.0 -10.0 -53.0
19951021.500    7918 A      0  123    0  130 0.880  84.9   5.0   7.0 -62.0
19951022.500    7912 A      0   15    0  120 0.998 259.3 147.0 -11.0  93.0
19951022.500    7917 B      0   29    0   20 0.677 110.8  14.0 -10.0 -40.0
19951022.500    7918 A      0  237    0  180 0.752  83.9   5.0   8.0 -49.0
19951023.500    7917 B      0   69    0   40 0.500 120.2  15.0 -10.0 -26.0
19951023.500    7918 A      0  196    0  120 0.572  83.3   6.0   8.0 -35.0
19951024.500    7917 B      0   37    0   20 0.339 139.2  15.0 -10.0 -13.0
19951024.500    7918 B      0  165    0   90 0.391  81.3   5.0   8.0 -23.0
19951025.500    7917 B      0   38    0   20 0.257 180.0  15.0 -10.0   0.0
19951025.500    7918 B      0  157    0   80 0.160  76.3   6.0   7.0  -9.0
19951026.500    7917 A      0    0    0    0 0.385 232.5  20.0  -9.0  18.0
19951026.500    7918 B      0   99    0   50 0.090 324.8   5.0   9.0   3.0
19951027.500    7918 B      0   57    0   30 0.312 281.3   6.0   8.0  18.0
19951028.500    7918 B      0   33    0   20 0.531 279.6   7.0   9.0  32.0
19951029.500    7918 A      0   13    0   10 0.718 279.6   8.0  10.0  46.0
19951030.500    7918 A      0    0    0    0 0.848 284.9   7.0  15.0  58.0
19951030.500    7919 B      0    0    0    0 0.291 155.7 302.0 -11.0  -7.0
199511 2.500    7920 B      0    0    0    0 0.323 155.2 262.0 -13.0  -8.0
199511 4.500    7920 A      0    0    0    0 0.450 227.6 263.0 -14.0  20.0
199511 6.500    7921 A      0   51    0   70 0.929 103.4 149.0 -11.0 -67.0
199511 7.500    7921 A      0  132    0  120 0.835 105.7 148.0 -11.0 -55.0
199511 8.500    7921 A      0  203    0  140 0.686 110.1 149.0 -11.0 -41.0
199511 8.500    7922 A      0    0    0    0 0.288 143.6 180.0 -10.0 -10.0
199511 8.500    7923 A      0    0    0    0 0.565 127.4 162.0 -17.0 -28.0
199511 9.500    7921 B      0  207    0  120 0.500 116.7 150.0 -10.0 -27.0
19951110.500    7921 B      0  245    0  130 0.329 133.6 150.0 -10.0 -14.0
19951111.500    7921 B      0  233    0  120 0.230 171.4 149.0 -10.0  -2.0
19951112.500    7921 A      0  228    0  120 0.305 217.9 148.0 -11.0  11.0
19951113.500    7921 A      0  195    0  110 0.456 241.4 148.0 -10.0  24.0
19951114.500    7921 B      0  221    0  140 0.612 251.4 147.0  -9.0  36.0
19951115.500    7921 A      0  162    0  140 0.814 254.5 151.0 -11.0  53.0
19951115.500    7924 B      0   19    0   10 0.186 174.7  97.0  -8.0  -1.0
19951116.500    7921 A      0  126    0  150 0.907 256.6 149.0 -11.0  64.0
19951116.500    7924 B      0   19    0   10 0.298 228.2  98.0  -9.0  13.0
19951116.500    7925 B      0   16    0   10 0.551  99.3  52.0  -3.0 -33.0
19951116.500    7926 A      0   18    0   30 0.950  83.5  13.0   7.0 -72.0
19951117.500    7921 A      0   46    0  120 0.981 258.3 149.0 -11.0  78.0
19951117.500    7924 A      0    0    0    0 0.469 247.9  97.0  -8.0  26.0
19951117.500    7925 B      0   18    0   10 0.338 105.8  52.0  -3.0 -19.0
19951117.500    7926 B      0   48    0   50 0.874  83.3  10.0   7.0 -61.0
19951118.500    7921 A      0    0    0  100 1.000 260.0 148.0 -10.0  90.0
19951118.500    7924 A      0    0    0    0 0.659 255.1  98.0  -8.0  40.0
19951118.500    7925 A      0    0    0    0 0.127 136.6  53.0  -3.0  -5.0
19951118.500    7926 B      0   81    0   60 0.732  82.6  11.0   7.0 -47.0
19951118.500    7927 B      0   18    0   10 0.337 105.5  39.0  -3.0 -19.0
19951119.500    7926 B      0   67    0   40 0.534  80.3  13.0   7.0 -32.0
19951120.500    7926 B      0   56    0   30 0.315  77.1  14.0   6.0 -18.0
19951121.500    7926 A      0   19    0   10 0.095  21.4  17.0   7.0  -2.0
19951122.500    7926 B      0   19    0   10 0.157 298.0  14.0   6.0   8.0
19951123.500    7926 B      0    0    0    0 0.368 284.9  13.0   7.0  21.0
19951127.500    7928 A      0    0    0    0 0.232 324.1 308.0  12.0   8.0
19951128.500    7929 B      0   17    0   10 0.440  71.5 261.0   9.0 -25.0
19951129.500    7929 B      0   38    0   20 0.235  53.2 262.0   9.0 -11.0
19951130.500    7929 B      0   79    0   40 0.136 337.5 263.0   8.0   3.0
199512 1.500    7929 B      0  113    0   60 0.323 296.7 264.0   9.0  17.0
199512 2.500    7929 B      0   67    0   40 0.527 284.4 265.0   8.0  31.0
199512 3.500    7929 A      0   27    0   20 0.735 279.2 268.0   7.0  47.0
199512 3.500    7930 A      0   42    0   70 0.952  98.5 149.0  -8.0 -72.0
199512 4.500    7929 A      0    0    0    0 0.867 276.8 267.0   6.0  60.0
199512 4.500    7930 A      0   60    0   60 0.862 101.8 148.0 -10.0 -59.0
199512 5.500    7929 A      0    5    0   10 0.966 275.1 269.0   5.0  75.0
199512 5.500    7930 A      0   94    0   70 0.741 103.7 147.0 -10.0 -47.0
199512 6.500    7930 B      0  133    0   80 0.554 110.2 149.0 -11.0 -32.0
199512 7.500    7930 B      0  186    0  100 0.358 122.0 150.0 -11.0 -18.0
199512 8.500    7930 A      0  137    0   70 0.199 148.8 149.0 -10.0  -6.0
199512 9.500    7930 B      0  175    0   90 0.230 216.5 150.0 -11.0   8.0
199512 9.500    7931 B      0   18    0   10 0.384 213.6 155.0 -19.0  13.0
19951210.500    7930 A      0  164    0   90 0.404 240.3 149.0 -12.0  21.0
19951210.500    7931 B      0   16    0   10 0.546 234.3 156.0 -19.0  28.0
19951211.500    7930 B      0  164    0  100 0.569 249.5 148.0 -12.0  33.0
19951211.500    7931 A      0    0    0    0 0.675 241.9 154.0 -19.0  39.0
19951212.500    7930 B      0  160    0  120 0.745 253.1 149.0 -13.0  47.0
19951212.500    7931 A      0    0    0    0 0.810 246.9 154.0 -19.0  52.0
19951213.500    7930 B      0   98    0  100 0.871 256.7 149.0 -12.0  60.0
19951213.500    7931 A      0    0    0    0 0.915 249.6 154.0 -19.0  65.0
19951214.500    7930 B      0   38    0   70 0.962 257.8 150.0 -12.0  74.0
19951214.500    7931 A      0    0    0    0 0.979 250.8 154.0 -19.0  78.0
19951215.500    7930 A      0    6    0   50 0.998 259.0 149.0 -11.0  87.0
19951225.500    7932 A      0    0    0    0 0.217 232.0 301.0 -10.0  10.0
19951225.500    7933 B      0   19    0   10 0.281 114.6 276.0  -9.0 -15.0
19951226.500    7933 B      0   19    0   10 0.115 171.4 277.0  -9.0  -1.0
19951226.500    7934 A      0    0    0    0 0.423  94.1 253.0  -4.0 -25.0
19951226.500    7935 B      0   24    0   40 0.950  77.6 207.0  11.0 -71.0
19951227.500    7933 B      0   38    0   20 0.234 241.3 276.0  -9.0  12.0
19951227.500    7935 B      0   51    0   50 0.860  75.6 206.0  11.0 -58.0
19951227.500    7936 A      0   23    0   30 0.923  74.7 198.0  13.0 -66.0
19951228.500    7933 A      0   18    0   10 0.433 254.8 276.0  -9.0  25.0
19951228.500    7935 A      0   36    0   30 0.799  71.5 200.0  13.0 -51.0
19951229.500    7933 A      0    0    0    0 0.612 254.0 275.0 -12.0  37.0
19951229.500    7935 A      0   15    0   10 0.646  69.3 200.0  11.0 -38.0
19951230.500    7935 A      0    0    0    0 0.493  56.7 200.0  13.0 -25.0
