2005 1 1.500   10715 BG     0  332    0  180 0.383  68.8 339.0   5.0 -21.0
2005 1 1.500   10716 B      0   35    0   20 0.439 116.0 336.0 -14.0 -24.0
2005 1 1.500   10717 B      0   16    0   30 0.959 278.3  73.0   7.0  73.0
2005 1 2.500   10715 BG     0  254    0  130 0.199  44.1 339.0   5.0  -8.0
2005 1 2.500   10716 B      0   19    0   10 0.252 132.5 336.0 -13.0 -11.0
2005 1 2.500   10717 B      0   13    0  110 0.998 278.2  73.0   8.0  86.0
2005 1 3.500   10715 BG     0  257    0  130 0.146 331.5 339.0   4.0   4.0
2005 1 3.500   10716 B      0   59    0   30 0.168 185.8 336.0 -13.0   1.0
2005 1 4.500   10715 B      0   74    0   40 0.355 294.0 340.0   5.0  19.0
2005 1 4.500   10716 A      0    0    0    0 0.316 238.1 337.0 -13.0  16.0
2005 1 5.500   10715 B      0   49    0   30 0.557 282.7 341.0   4.0  33.0
2005 1 6.500   10715 B      0   41    0   30 0.727 279.1 341.0   4.0  46.0
2005 1 7.500   10715 A      0   20    0   20 0.864 279.2 341.0   6.0  59.0
2005 1 7.500   10718 A      0   25    0   60 0.977  98.4 204.0  -9.0 -78.0
2005 1 8.500   10715 A      0   13    0   20 0.939 280.0 338.0   8.0  69.0
2005 1 8.500   10718 B      0   71    0   90 0.918  97.0 202.0  -8.0 -67.0
2005 1 8.500   10719 A      0   17    0   60 0.989  98.5 187.0  -9.0 -82.0
2005 1 9.500   10718 B      0  106    0   90 0.807  97.0 202.0  -8.0 -54.0
2005 1 9.500   10719 B      0   88    0  100 0.897  96.9 192.0  -8.0 -64.0
2005 110.500   10718 B      0  144    0  100 0.693  97.2 198.0  -8.0 -44.0
2005 110.500   10719 B      0   86    0   70 0.787  99.5 190.0 -10.0 -52.0
2005 110.500   10720 B      0    8    0   10 0.914  78.2 177.0   9.0 -65.0
2005 111.500   10718 B      0  118    0   70 0.529  94.5 197.0  -6.0 -32.0
2005 111.500   10720 B      0   58    0   50 0.814  70.7 177.0  13.0 -52.0
2005 112.500   10718 B      0  340    0  180 0.327  98.8 197.0  -7.0 -19.0
2005 112.500   10720 B      0  637    0  420 0.651  64.2 179.0  13.0 -37.0
2005 113.500   10718 B      0  317    0  160 0.129 110.4 196.0  -7.0  -7.0
2005 113.500   10720 BD     0 1879    0 1080 0.493  53.5 179.0  13.0 -24.0
2005 114.500   10718 B      0  497    0  250 0.104 265.6 196.0  -5.0   6.0
2005 114.500   10720 BD     0 2890    0 1540 0.345  29.4 180.0  13.0 -10.0
2005 115.500   10718 BG     0  672    0  360 0.359 262.6 197.0  -7.0  21.0
2005 115.500   10720 BD     0 3082    0 1620 0.308 350.5 179.0  13.0   3.0
2005 116.500   10718 BG     0  514    0  310 0.558 264.5 197.0  -7.0  34.0
2005 116.500   10720 BD     0 2996    0 1630 0.394 320.2 178.0  13.0  15.0
2005 116.500   10721 B      0   38    0   20 0.243  83.3 149.0  -3.0 -14.0
2005 116.500   10722 A      0    0    0    0 0.408   9.3 159.0  19.0  -4.0
2005 117.500   10718 B      0  328    0  240 0.729 265.0 197.0  -7.0  47.0
2005 117.500   10720 BD     0 2399    0 1460 0.570 301.2 180.0  13.0  30.0
2005 117.500   10721 A      0    0    0    0 0.048  47.2 148.0  -3.0  -2.0
2005 117.500   10723 A      0   29    0   70 0.977  82.8  73.0   6.0 -77.0
2005 118.500   10718 B      0  124    0  140 0.896 264.6 200.0  -7.0  64.0
2005 118.500   10720 BG     0 1900    0 1400 0.734 292.8 180.0  13.0  44.0
2005 118.500   10722 A      0    0    0    0 0.564 314.9 161.0  19.0  25.0
2005 118.500   10723 A      0   87    0  100 0.899  79.7  73.0   7.0 -63.0
2005 118.500   10724 B      0   19    0   10 0.172 224.0 143.0 -12.0   7.0
2005 119.500   10718 B      0   54    0  110 0.969 265.1 199.0  -6.0  76.0
2005 119.500   10720 BD     0 1266    0 1220 0.855 289.7 179.0  14.0  56.0
2005 119.500   10723 B      0   84    0   70 0.799  78.6  71.0   6.0 -52.0
2005 120.500   10718 B      0    9    0  100 0.999 263.2 198.0  -7.0  88.0
2005 120.500   10720 BGD    0  864    0 1400 0.951 286.5 180.0  14.0  70.0
2005 120.500   10723 A      0  128    0   80 0.597  72.8  75.0   6.0 -35.0
2005 121.500   10720 BGD    0  213    0 1090 0.995 283.6 179.0  13.0  83.0
2005 121.500   10723 A      0  127    0   70 0.417  63.2  74.0   6.0 -22.0
2005 121.500   10725 B      0  145    0   90 0.586 270.4 132.0  -4.0  36.0
2005 121.500   10726 B      0   71    0   40 0.456  84.2  69.0  -2.0 -27.0
2005 122.500   10720 BGD    0  123    0  900 0.998 280.7 176.0  11.0  93.0
2005 122.500   10723 B      0  232    0  120 0.245  29.6  76.0   7.0  -7.0
2005 122.500   10725 BG     0  250    0  190 0.753 269.3 132.0  -4.0  49.0
2005 122.500   10726 B      0   38    0   20 0.253  73.3  69.0  -1.0 -14.0
2005 123.500   10723 A      0  136    0   70 0.209 340.6  74.0   6.0   4.0
2005 123.500   10725 B      0  132    0  150 0.898 269.3 134.0  -3.0  64.0
2005 123.500   10726 A      0   19    0   10 0.084 335.5  72.0  -1.0   2.0
2005 124.500   10723 A      0  131    0   70 0.350 303.8  74.0   6.0  17.0
2005 124.500   10725 B      0   50    0  110 0.974 268.2 134.0  -3.0  77.0
2005 124.500   10727 B      0  505    0  320 0.613  97.6  19.0  -9.0 -38.0
2005 125.500   10723 A      0   84    0   50 0.531 290.7  74.0   6.0  30.0
2005 125.500   10725 A      0    1    0  110 1.000 267.0 134.0  -3.0  90.0
2005 125.500   10727 B      0  217    0  120 0.423  99.4  19.0  -9.0 -25.0
2005 125.500   10728 A      0   41    0   50 0.909 102.9 338.0 -14.0 -66.0
2005 126.500   10723 A      0   70    0   50 0.713 284.2  74.0   6.0  44.0
2005 126.500   10727 B      0  196    0  100 0.198 107.7  19.0  -9.0 -11.0
2005 126.500   10728 B      0   12    0   10 0.796 103.3 338.0 -14.0 -53.0
2005 127.500   10723 A      0   52    0   50 0.849 280.7  74.0   6.0  57.0
2005 127.500   10727 B      0  159    0   80 0.067 211.1  19.0  -9.0   2.0
2005 127.500   10728 B      0   16    0   10 0.593 105.9 341.0 -14.0 -36.0
2005 128.500   10723 A      0   46    0   70 0.944 277.4  74.0   5.0  70.0
2005 128.500   10727 B      0  134    0   70 0.275 272.1  20.0  -5.0  16.0
2005 128.500   10728 A      0   18    0   10 0.423 110.9 340.0 -14.0 -24.0
2005 129.500   10723 A      0   16    0   90 0.996 276.6  75.0   6.0  84.0
2005 129.500   10727 B      0  125    0   70 0.439 259.2  17.0 -10.0  26.0
2005 130.500   10727 BG     0  164    0  110 0.666 263.1  20.0  -9.0  42.0
2005 130.500   10728 A      0   19    0   10 0.124 172.1 337.0 -13.0  -1.0
2005 131.500   10727 B      0  133    0  110 0.794 263.3  17.0  -9.0  53.0
2005 131.500   10728 A      0    0    0    0 0.223 246.5 336.0 -11.0  12.0
2005 131.500   10729 B      0  132    0   70 0.313 103.7 306.0 -10.0 -18.0
2005 2 1.500   10727 B      0   84    0  110 0.923 262.8  19.0  -9.0  68.0
2005 2 1.500   10729 B      0  119    0   60 0.109 108.0 305.0  -8.0  -6.0
2005 2 2.500   10727 A      0   21    0   90 0.993 262.6  22.0  -8.0  84.0
2005 2 2.500   10729 B      0  117    0   60 0.184 248.2 308.0 -10.0  10.0
2005 2 3.500   10727 A      0    6    0   30 0.995 259.2  22.0 -10.0  97.0
2005 2 3.500   10729 A      0   36    0   20 0.425 257.4 310.0 -11.0  25.0
2005 2 4.500   10729 A      0   31    0   20 0.627 260.3 312.0 -11.0  39.0
2005 2 4.500   10730 A      0   37    0   60 0.951 109.0 200.0 -20.0 -73.0
2005 2 5.500   10729 A      0   12    0   10 0.783 261.0 312.0 -11.0  52.0
2005 2 5.500   10730 A      0   30    0   30 0.863 109.5 200.0 -20.0 -60.0
2005 2 6.500   10729 A      0   16    0   20 0.908 260.8 312.0 -11.0  66.0
2005 2 6.500   10730 A      0   68    0   50 0.727 111.5 200.0 -20.0 -46.0
2005 2 6.500   10731 B      0   53    0   30 0.458  81.9 219.0  -2.0 -27.0
2005 2 6.500   10732 B      0   25    0   40 0.948  78.2 176.0   9.0 -70.0
2005 2 7.500   10729 A      0    8    0   20 0.978 260.1 312.0 -11.0  79.0
2005 2 7.500   10730 B      0   98    0   60 0.570 116.1 200.0 -20.0 -33.0
2005 2 7.500   10731 A      0   19    0   10 0.253  72.8 217.0  -2.0 -14.0
2005 2 7.500   10732 BG     0   93    0   90 0.856  75.4 176.0   9.0 -57.0
2005 2 7.500   10733 A      0   79    0  180 0.975  97.8 155.0  -9.0 -78.0
2005 2 8.500   10730 B      0  128    0   70 0.401 126.7 200.0 -20.0 -20.0
2005 2 8.500   10732 BG     0   75    0   50 0.659  63.3 183.0  12.0 -37.0
2005 2 8.500   10733 A      0  192    0  240 0.916  95.9 153.0  -8.0 -67.0
2005 2 9.500   10730 B      0  172    0   90 0.290 149.7 198.0 -21.0  -9.0
2005 2 9.500   10732 BG     0   98    0   60 0.568  53.4 179.0  14.0 -28.0
2005 2 9.500   10733 A      0  332    0  280 0.804  95.1 153.0  -8.0 -54.0
2005 2 9.500   10734 A      0   39    0   60 0.944  91.9 136.0  -4.0 -71.0
2005 210.500   10730 A      0   96    0   50 0.245 199.5 199.0 -20.0   5.0
2005 210.500   10732 B      0   69    0   40 0.485  35.2 177.0  17.0 -17.0
2005 210.500   10733 B      0  477    0  310 0.639  94.5 154.0  -8.0 -40.0
2005 210.500   10734 A      0   54    0   50 0.837  90.4 137.0  -4.0 -57.0
2005 210.500   10735 A      0   45    0   80 0.958  96.4 120.0  -8.0 -74.0
2005 211.500   10730 A      0   92    0   50 0.386 232.3 199.0 -20.0  19.0
2005 211.500   10732 BG     0   76    0   40 0.311 347.3 184.0  11.0   4.0
2005 211.500   10733 A      0  584    0  340 0.512  94.4 149.0  -8.0 -31.0
2005 211.500   10734 A      0   86    0   60 0.693  88.8 136.0  -4.0 -44.0
2005 211.500   10735 B      0  416    0  410 0.861  95.4 120.0  -8.0 -60.0
2005 212.500   10730 A      0   16    0   10 0.555 243.7 199.0 -20.0  32.0
2005 212.500   10732 BG     0  163    0   90 0.415 316.2 184.0  11.0  17.0
2005 212.500   10733 A      0  485    0  250 0.241  96.0 153.0  -8.0 -14.0
2005 212.500   10734 A      0  102    0   60 0.513  88.5 136.0  -5.0 -31.0
2005 212.500   10735 A      0  522    0  380 0.727  94.6 120.0  -8.0 -47.0
2005 213.500   10730 A      0   14    0   10 0.700 249.7 198.0 -19.0  44.0
2005 213.500   10732 B      0   48    0   30 0.577 302.1 184.0  12.0  30.0
2005 213.500   10733 A      0  459    0  230 0.042 155.9 153.0  -9.0  -1.0
2005 213.500   10734 A      0  152    0   80 0.295  81.5 137.0  -4.0 -17.0
2005 213.500   10735 B      0  615    0  370 0.555  96.0 120.0  -9.0 -34.0
2005 214.500   10730 B      0   11    0   10 0.835 251.7 198.0 -19.0  57.0
2005 214.500   10732 B      0   13    0   10 0.728 293.6 184.0  12.0  43.0
2005 214.500   10733 B      0  448    0  230 0.226 259.6 154.0  -9.0  13.0
2005 214.500   10734 B      0  139    0   70 0.076  65.5 137.0  -5.0  -4.0
2005 214.500   10735 B      0  827    0  440 0.340  94.6 121.0  -8.0 -20.0
2005 215.500   10732 B      0   18    0   20 0.880 283.0 188.0   8.0  60.0
2005 215.500   10733 A      0  324    0  180 0.435 265.8 154.0  -8.0  26.0
2005 215.500   10734 B      0  137    0   70 0.180 285.6 138.0  -4.0  10.0
2005 215.500   10735 BG     0  835    0  420 0.105 101.1 122.0  -8.0  -6.0
2005 216.500   10733 A      0  265    0  170 0.625 265.8 154.0  -8.0  39.0
2005 216.500   10734 B      0  147    0   80 0.392 276.0 138.0  -4.0  23.0
2005 216.500   10735 BGD    0  934    0  470 0.104 268.8 121.0  -7.0   6.0
2005 217.500   10733 B      0  161    0  130 0.783 265.3 153.0  -8.0  52.0
2005 217.500   10734 B      0  116    0   70 0.557 271.4 135.0  -5.0  34.0
2005 217.500   10735 BGD    0  798    0  420 0.310 259.0 119.0 -10.0  18.0
2005 218.500   10733 B      0   72    0   90 0.916 263.2 155.0  -9.0  67.0
2005 218.500   10734 B      0   51    0   40 0.763 269.4 138.0  -5.0  50.0
2005 218.500   10735 B      0  782    0  460 0.526 264.2 120.0  -9.0  32.0
2005 219.500   10733 B      0   26    0   70 0.982 263.2 155.0  -8.0  80.0
2005 219.500   10734 A      0   36    0   40 0.888 268.0 138.0  -5.0  63.0
2005 219.500   10735 BG     0  584    0  410 0.702 264.3 120.0  -9.0  45.0
2005 220.500   10733 A      0    4    0   70 0.999 261.7 155.0  -8.0  93.0
2005 220.500   10734 A      0   19    0   40 0.968 266.6 138.0  -5.0  76.0
2005 220.500   10735 BG     0  474    0  440 0.843 263.8 120.0  -9.0  58.0
2005 220.500   10736 B      0   35    0   30 0.804 291.9 112.0  13.0  50.0
2005 221.500   10735 BG     0  297    0  440 0.941 262.9 120.0  -9.0  71.0
2005 221.500   10736 B      0   98    0  120 0.912 287.7 112.0  13.0  63.0
2005 222.500   10735 B      0   62    0  300 0.994 261.6 120.0  -9.0  85.0
2005 222.500   10736 B      0   79    0  210 0.982 284.8 112.0  13.0  77.0
2005 223.500   10735 A      0   12    0   60 0.995 260.2 119.0  -9.0  97.0
2005 223.500   10736 B      0   11    0   90 0.998 282.7 114.0  13.0  92.0
2005 223.500   10737 B      0   68    0   40 0.511 268.3  53.0  -7.0  31.0
2005 223.500   10738 B      0   19    0   10 0.179 106.9  12.0 -10.0 -10.0
2005 224.500   10737 B      0   57    0   40 0.689 264.4  53.0  -9.0  44.0
2005 225.500   10737 B      0   31    0   30 0.851 261.5  55.0 -11.0  59.0
2005 226.500   10737 B      0   25    0   40 0.946 260.8  55.0 -11.0  72.0
2005 226.500   10739 B      0   37    0   30 0.786  89.4 291.0  -4.0 -52.0
2005 227.500   10739 A      0   31    0   20 0.615  87.3 292.0  -4.0 -38.0
2005 228.500   10739 A      0    0    0    0 0.361  82.4 295.0  -4.0 -21.0
2005 3 1.500   10739 A      0   19    0   10 0.188  67.5 293.0  -3.0 -10.0
2005 3 2.500   10740 A      0   36    0   20 0.404 269.1 314.0  -7.0  24.0
2005 3 3.500   10739 B      0   19    0   10 0.284 284.1 293.0  -3.0  16.0
2005 3 3.500   10740 A      0   16    0   10 0.598 268.0 314.0  -7.0  37.0
2005 3 4.500   10741 B      0   67    0  110 0.952  74.9 194.0  12.0 -70.0
2005 3 5.500   10741 B      0  110    0  110 0.865  71.6 193.0  12.0 -57.0
2005 3 6.500   10741 B      0  107    0   80 0.741  66.5 193.0  12.0 -44.0
2005 3 7.500   10739 B      0   15    0   20 0.918 268.8 291.0  -4.0  67.0
2005 3 7.500   10741 B      0   97    0   60 0.588  55.9 194.0  13.0 -30.0
2005 3 7.500   10742 A      0   47    0   60 0.918  92.3 157.0  -5.0 -67.0
2005 3 8.500   10739 A      0   13    0   40 0.986 264.1 292.0  -7.0  81.0
2005 3 8.500   10741 B      0   71    0   40 0.456  38.5 194.0  14.0 -17.0
2005 3 8.500   10742 B      0   90    0   80 0.825  92.3 155.0  -6.0 -56.0
2005 3 9.500   10739 B      0    3    0   90 1.000 261.8 290.0  -8.0  92.0
2005 3 9.500   10741 B      0  113    0   60 0.333   8.8 195.0  12.0  -3.0
2005 3 9.500   10742 B      0  249    0  170 0.678  91.0 155.0  -6.0 -43.0
2005 3 9.500   10743 A      0  123    0  240 0.966  97.4 122.0  -9.0 -76.0
2005 310.500   10741 B      0  184    0  100 0.391 331.6 195.0  13.0  11.0
2005 310.500   10742 B      0  326    0  190 0.514  87.7 153.0  -5.0 -31.0
2005 310.500   10743 A      0  166    0  180 0.887  94.2 121.0  -7.0 -63.0
2005 311.500   10741 B      0  186    0  110 0.533 306.4 197.0  12.0  26.0
2005 311.500   10742 B      0  363    0  190 0.293  83.5 154.0  -5.0 -17.0
2005 311.500   10743 A      0  246    0  190 0.761  93.1 121.0  -7.0 -50.0
2005 312.500   10741 BG     0   42    0   30 0.708 295.0 200.0  12.0  41.0
2005 312.500   10742 B      0  479    0  240 0.056  68.2 156.0  -6.0  -3.0
2005 312.500   10743 A      0  422    0  260 0.583  93.7 123.0  -8.0 -36.0
2005 313.500   10741 B      0   60    0   60 0.865 288.4 203.0  12.0  57.0
2005 313.500   10742 B      0  664    0  340 0.210 279.7 158.0  -5.0  12.0
2005 313.500   10743 A      0  457    0  250 0.404  91.1 122.0  -7.0 -24.0
2005 314.500   10741 B      0   47    0   70 0.941 285.5 201.0  12.0  68.0
2005 314.500   10742 B      0  584    0  320 0.406 273.8 157.0  -5.0  24.0
2005 314.500   10743 A      0  492    0  250 0.172  89.7 123.0  -7.0 -10.0
2005 315.500   10741 B      0   29    0  100 0.989 281.3 200.0  10.0  80.0
2005 315.500   10742 BG     0  514    0  330 0.627 270.9 159.0  -5.0  39.0
2005 315.500   10743 A      0  578    0  290 0.071 257.6 124.0  -8.0   4.0
2005 316.500   10742 BG     0  453    0  350 0.762 268.2 156.0  -6.0  50.0
2005 316.500   10743 B      0  612    0  320 0.290 265.9 123.0  -8.0  17.0
2005 317.500   10742 B      0  206    0  240 0.903 266.7 158.0  -6.0  65.0
2005 317.500   10743 B      0  515    0  300 0.511 266.3 124.0  -8.0  31.0
2005 318.500   10742 A      0  110    0  300 0.983 265.2 160.0  -6.0  80.0
2005 318.500   10743 BG     0  434    0  300 0.690 265.8 124.0  -8.0  44.0
2005 319.500   10742 A      0   19    0  250 0.999 263.7 160.0  -6.0  93.0
2005 319.500   10743 BG     0  430    0  390 0.834 265.0 124.0  -8.0  57.0
2005 320.500   10743 BG     0  218    0  310 0.936 264.1 124.0  -8.0  70.0
2005 320.500   10744 B      0  119    0   60 0.089 168.9  53.0 -12.0  -1.0
2005 321.500   10743 BG     0   50    0  210 0.993 262.7 124.0  -8.0  84.0
2005 321.500   10744 B      0  194    0  100 0.238 247.6  53.0 -12.0  13.0
2005 321.500   10745 B      0   21    0   20 0.838  70.8 346.0  12.0 -54.0
2005 322.500   10743 A      0   30    0  180 0.996 261.3 123.0  -8.0  96.0
2005 322.500   10744 B      0  125    0   70 0.443 254.6  53.0 -13.0  26.0
2005 322.500   10745 B      0  150    0  110 0.729  66.3 344.0  12.0 -43.0
2005 323.500   10744 B      0  153    0  100 0.640 258.0  54.0 -13.0  40.0
2005 323.500   10745 B      0  146    0   90 0.578  57.8 344.0  12.0 -30.0
2005 323.500   10746 B      0   59    0   30 0.140 121.1   7.0 -11.0  -7.0
2005 324.500   10744 A      0   36    0   30 0.793 258.9  54.0 -13.0  53.0
2005 324.500   10745 B      0  182    0  100 0.408  38.4 346.0  12.0 -15.0
2005 324.500   10746 B      0   79    0   40 0.126 234.7   7.0 -11.0   6.0
2005 325.500   10744 A      0   15    0   20 0.921 257.6  56.0 -14.0  68.0
2005 325.500   10745 B      0  359    0  190 0.327   9.0 345.0  12.0  -3.0
2005 325.500   10746 B      0  149    0   80 0.364 254.4   9.0 -12.0  21.0
2005 326.500   10745 B      0  167    0   90 0.370 329.7 346.0  12.0  11.0
2005 326.500   10746 B      0   82    0   50 0.572 258.7  10.0 -12.0  35.0
2005 327.500   10745 B      0  155    0   90 0.505 308.0 345.0  12.0  24.0
2005 327.500   10746 B      0   41    0   30 0.726 261.2   8.0 -11.0  47.0
2005 328.500   10745 B      0   87    0   60 0.683 295.6 347.0  12.0  39.0
2005 329.500   10745 B      0   31    0   30 0.846 288.7 349.0  12.0  55.0
2005 330.500   10745 A      0    6    0   10 0.940 285.3 349.0  12.0  68.0
2005 331.500   10747 A      0   18    0   10 0.388  92.5 245.0  -7.0 -23.0
2005 331.500   10748 A      0   19    0   20 0.873  75.9 209.0   9.0 -59.0
2005 4 1.500   10747 B      0   78    0   40 0.177 104.9 245.0  -9.0 -10.0
2005 4 1.500   10748 A      0   26    0   20 0.748  71.8 209.0   9.0 -46.0
2005 4 2.500   10747 B      0  139    0   70 0.070 261.6 245.0  -7.0   4.0
2005 4 2.500   10748 A      0   48    0   30 0.592  65.2 208.0   9.0 -33.0
2005 4 3.500   10747 B      0  113    0   60 0.325 273.2 247.0  -5.0  19.0
2005 4 3.500   10748 A      0   17    0   10 0.445  49.0 208.0  11.0 -20.0
2005 4 3.500   10749 A      0   46    0   50 0.888  93.5 165.0  -6.0 -63.0
2005 4 4.500   10747 B      0  186    0  110 0.527 268.8 247.0  -6.0  32.0
2005 4 4.500   10748 A      0   37    0   20 0.326  24.7 207.0  11.0  -8.0
2005 4 4.500   10749 A      0   49    0   40 0.785  92.7 163.0  -6.0 -52.0
2005 4 5.500   10747 B      0  178    0  130 0.729 269.0 249.0  -5.0  47.0
2005 4 5.500   10748 A      0   37    0   20 0.329 341.9 208.0  12.0   6.0
2005 4 5.500   10749 A      0   31    0   20 0.613  91.7 164.0  -6.0 -38.0
2005 4 5.500   10750 A      0   28    0  120 0.993  97.4 118.0  -8.0 -84.0
2005 4 6.500   10747 B      0   83    0   80 0.854 267.9 247.0  -5.0  59.0
2005 4 6.500   10748 A      0   18    0   10 0.420 313.7 206.0  11.0  18.0
2005 4 6.500   10749 A      0   36    0   20 0.405  88.4 164.0  -5.0 -24.0
2005 4 6.500   10750 A      0   60    0   70 0.903  94.8 123.0  -7.0 -65.0
2005 4 7.500   10747 B      0   45    0   80 0.959 265.5 249.0  -6.0  74.0
2005 4 7.500   10749 A      0   39    0   20 0.191  84.7 164.0  -5.0 -11.0
2005 4 7.500   10750 B      0  177    0  140 0.773  94.0 124.0  -7.0 -51.0
2005 4 8.500   10747 B      0    1    0   60 1.000 265.9 253.0  -4.0  91.0
2005 4 8.500   10749 A      0   39    0   20 0.035 271.3 164.0  -6.0   2.0
2005 4 8.500   10750 B      0  243    0  150 0.585  93.6 126.0  -7.0 -36.0
2005 4 8.500   10751 A      0   20    0   20 0.853 264.3 221.0  -8.0  59.0
2005 4 9.500   10749 A      0   19    0   10 0.292 272.5 166.0  -5.0  17.0
2005 4 9.500   10750 B      0  182    0  100 0.405  93.8 125.0  -7.0 -24.0
2005 4 9.500   10751 B      0   45    0   80 0.959 264.5 223.0  -7.0  74.0
2005 410.500   10749 A      0   17    0   10 0.497 268.2 166.0  -6.0  30.0
2005 410.500   10750 B      0  136    0   70 0.207  95.9 124.0  -7.0 -12.0
2005 410.500   10751 B      0   15    0   60 0.991 263.7 219.0  -7.0  83.0
2005 411.500   10750 B      0  179    0   90 0.027 220.4 124.0  -7.0   1.0
2005 412.500   10750 B      0  154    0   80 0.258 264.4 124.0  -7.0  15.0
2005 412.500   10752 B      0   38    0   80 0.971  88.6  33.0   0.0 -76.0
2005 413.500   10750 B      0  106    0   60 0.467 265.8 124.0  -7.0  28.0
2005 413.500   10752 B      0  166    0  150 0.832  85.0  40.0   1.0 -56.0
2005 413.500   10753 B      0   18    0   10 0.320 341.4 102.0  12.0   6.0
2005 414.500   10750 A      0   60    0   40 0.653 265.8 124.0  -7.0  41.0
2005 414.500   10752 BG     0  232    0  160 0.688  82.6  40.0   1.0 -43.0
2005 414.500   10753 B      0   18    0   10 0.436 313.0 102.0  12.0  19.0
2005 414.500   10754 B      0  101    0   80 0.773  95.8  32.0  -8.0 -51.0
2005 415.500   10750 A      0   35    0   30 0.806 265.4 124.0  -7.0  54.0
2005 415.500   10752 BG     0  240    0  140 0.510  78.6  40.0   1.0 -30.0
2005 415.500   10753 B      0   16    0   10 0.592 299.0 102.0  12.0  32.0
2005 415.500   10754 B      0   79    0   50 0.613  95.9  32.0  -8.0 -38.0
2005 416.500   10750 A      0   16    0   20 0.910 263.7 123.0  -8.0  66.0
2005 416.500   10752 B      0  173    0   90 0.273  62.3  43.0   2.0 -14.0
2005 416.500   10753 A      0   13    0   10 0.743 291.5 102.0  12.0  45.0
2005 416.500   10754 B      0   73    0   40 0.390  97.7  34.0  -8.0 -23.0
2005 417.500   10750 A      0   10    0   30 0.983 263.9 123.0  -7.0  80.0
2005 417.500   10752 B      0  218    0  110 0.128   0.0  43.0   2.0   0.0
2005 417.500   10754 B      0   58    0   30 0.195 104.2  32.0  -8.0 -11.0
2005 417.500   10755 A      0   15    0   30 0.967 100.0 327.0 -11.0 -76.0
2005 418.500   10752 B      0  213    0  110 0.249 295.5  43.0   1.0  13.0
2005 418.500   10754 B      0   59    0   30 0.030 180.0  30.0  -7.0   0.0
2005 418.500   10755 A      0   31    0   40 0.917  99.7 323.0 -11.0 -67.0
2005 419.500   10752 B      0  192    0  110 0.487 285.7  45.0   3.0  28.0
2005 419.500   10754 B      0   19    0   10 0.262 258.5  32.0  -8.0  15.0
2005 419.500   10755 B      0   26    0   20 0.753 101.4 328.0 -12.0 -49.0
2005 420.500   10752 B      0  121    0   80 0.651 279.1  44.0   2.0  40.0
2005 420.500   10754 B      0   52    0   30 0.484 262.7  33.0  -8.0  29.0
2005 420.500   10755 A      0   31    0   20 0.605 103.1 327.0 -12.0 -37.0
2005 421.500   10752 A      0   67    0   60 0.824 277.1  46.0   3.0  55.0
2005 421.500   10755 A      0   18    0   10 0.373 109.9 330.0 -12.0 -21.0
2005 422.500   10752 A      0   40    0   60 0.942 275.0  48.0   3.0  70.0
2005 422.500   10754 B      0   10    0   10 0.836 264.9  35.0  -7.0  57.0
2005 422.500   10755 A      0   19    0   10 0.187 124.8 329.0 -11.0  -9.0
2005 423.500   10752 A      0    9    0   60 0.997 273.4  49.0   3.0  85.0
2005 423.500   10754 A      0    6    0   10 0.943 264.3  35.0  -7.0  71.0
2005 423.500   10755 A      0   19    0   10 0.129 195.3 326.0 -12.0   2.0
2005 425.500   10755 A      0   17    0   10 0.497 251.8 327.0 -13.0  29.0
2005 425.500   10756 B      0  250    0  330 0.925  94.6 230.0  -6.0 -68.0
2005 426.500   10756 BD     0  634    0  550 0.817  94.1 230.0  -6.0 -55.0
2005 427.500   10755 B      0   11    0   10 0.809 257.2 326.0 -13.0  54.0
2005 427.500   10756 BD     0 1132    0  760 0.667  94.0 230.0  -6.0 -42.0
2005 428.500   10756 BD     0 1803    0 1030 0.484  94.5 229.0  -6.0 -29.0
2005 428.500   10757 B      0   59    0   30 0.053 102.1 255.0  -5.0  -3.0
2005 429.500   10756 BD     0 1702    0  890 0.293  96.6 228.0  -6.0 -17.0
2005 429.500   10757 B      0   78    0   40 0.174 265.4 255.0  -5.0  10.0
2005 430.500   10756 BG     0 1997    0 1000 0.052 160.7 231.0  -7.0  -1.0
2005 430.500   10757 B      0  110    0   60 0.390 264.5 255.0  -6.0  23.0
2005 5 1.500   10756 BD     0 1589    0  810 0.193 259.5 230.0  -6.0  11.0
2005 5 1.500   10757 B      0  157    0  100 0.614 265.5 257.0  -6.0  38.0
2005 5 2.500   10756 BD     0 1415    0  770 0.394 258.9 229.0  -8.0  23.0
2005 5 2.500   10757 B      0  128    0  100 0.764 265.5 256.0  -6.0  50.0
2005 5 2.500   10758 A      0   56    0  100 0.959  99.3 132.0 -10.0 -74.0
2005 5 3.500   10756 BD     0 1214    0  770 0.615 263.6 231.0  -7.0  38.0
2005 5 3.500   10757 B      0   59    0   70 0.905 265.2 258.0  -6.0  65.0
2005 5 3.500   10758 B      0  183    0  200 0.889  95.9 130.0  -7.0 -63.0
2005 5 4.500   10756 BD     0  938    0  760 0.786 264.0 231.0  -7.0  52.0
2005 5 4.500   10757 A      0   11    0   30 0.981 265.6 258.0  -5.0  79.0
2005 5 4.500   10758 B      0  315    0  250 0.776  96.0 128.0  -7.0 -51.0
2005 5 5.500   10756 BD     0  545    0  640 0.904 261.8 230.0  -9.0  65.0
2005 5 5.500   10758 BD     0  303    0  190 0.601  95.1 128.0  -6.0 -37.0
2005 5 6.500   10756 BD     0  232    0  590 0.980 262.5 231.0  -8.0  79.0
2005 5 6.500   10758 BG     0  514    0  280 0.393  99.5 129.0  -7.0 -23.0
2005 5 7.500   10756 B      0   21    0  260 0.999 263.1 227.0  -7.0  88.0
2005 5 7.500   10758 B      0  275    0  140 0.184 110.1 129.0  -7.0 -10.0
2005 5 8.500   10758 BG     0  337    0  170 0.132 231.7 132.0  -8.0   6.0
2005 5 8.500   10759 B      0  207    0  340 0.952  76.3  55.0  12.0 -71.0
2005 5 9.500   10758 BG     0  541    0  300 0.431 255.8 137.0  -9.0  25.0
2005 5 9.500   10759 B      0  508    0  540 0.882  72.3  52.0  14.0 -60.0
2005 5 9.500   10760 B      0   77    0   40 0.246 258.2 126.0  -6.0  14.0
2005 5 9.500   10761 A      0   28    0   30 0.878  83.7  51.0   4.0 -61.0
2005 510.500   10758 BGD    0  611    0  380 0.593 257.3 135.0 -10.0  36.0
2005 510.500   10759 BG     0  480    0  390 0.787  72.1  49.0  12.0 -50.0
2005 510.500   10760 B      0   87    0   50 0.486 263.2 128.0  -6.0  29.0
2005 510.500   10761 A      0   13    0   10 0.747  83.2  51.0   3.0 -48.0
2005 510.500   10762 B      0   75    0   40 0.318 106.0  81.0  -8.0 -18.0
2005 511.500   10758 BD     0  722    0  630 0.819 259.9 141.0 -10.0  55.0
2005 511.500   10759 B      0  727    0  450 0.589  64.8  53.0  12.0 -33.0
2005 511.500   10760 B      0   59    0   40 0.669 262.9 128.0  -7.0  42.0
2005 511.500   10762 B      0  158    0   80 0.155 153.8  82.0 -11.0  -4.0
2005 511.500   10763 B      0   75    0  110 0.939 103.8  16.0 -14.0 -70.0
2005 511.500   10764 A      0   39    0   20 0.072 166.1  85.0  -7.0  -1.0
2005 512.500   10758 BG     0  343    0  420 0.913 260.3 139.0 -10.0  66.0
2005 512.500   10759 B      0  547    0  300 0.407  51.4  54.0  12.0 -19.0
2005 512.500   10760 B      0   82    0   80 0.856 262.4 132.0  -8.0  59.0
2005 512.500   10762 B      0  251    0  130 0.258 231.9  84.0 -12.0  12.0
2005 512.500   10763 B      0  161    0  150 0.842 104.8  16.0 -14.0 -57.0
2005 512.500   10764 B      0  117    0   60 0.214 255.0  85.0  -6.0  12.0
2005 513.500   10758 B      0  200    0  620 0.987 261.3 141.0  -9.0  81.0
2005 513.500   10759 B      0  596    0  310 0.275  21.9  54.0  12.0  -6.0
2005 513.500   10762 B      0  270    0  150 0.430 247.5  84.0 -12.0  24.0
2005 513.500   10763 B      0  277    0  200 0.719 108.3  15.0 -15.0 -45.0
2005 514.500   10758 A      0    2    0  150 1.000 260.0 136.0 -10.0  90.0
2005 514.500   10759 B      0  675    0  350 0.264 333.1  53.0  11.0   7.0
2005 514.500   10762 B      0  142    0   90 0.613 253.8  83.0 -12.0  37.0
2005 514.500   10763 B      0  217    0  130 0.549 115.6  15.0 -16.0 -31.0
2005 515.500   10759 B      0  529    0  290 0.408 304.6  53.0  11.0  20.0
2005 515.500   10762 B      0   71    0   60 0.803 255.7  86.0 -13.0  53.0
2005 515.500   10763 B      0  262    0  140 0.344 129.2  17.0 -15.0 -16.0
2005 516.500   10759 B      0  477    0  300 0.606 291.8  55.0  11.0  35.0
2005 516.500   10762 A      0   22    0   30 0.927 258.0  88.0 -12.0  68.0
2005 516.500   10763 BG     0  368    0  190 0.244 164.1  16.0 -16.0  -4.0
2005 517.500   10759 B      0  274    0  220 0.782 286.0  57.0  11.0  50.0
2005 517.500   10763 BG     0  270    0  140 0.264 219.7  17.0 -14.0  10.0
2005 518.500   10759 B      0  252    0  280 0.893 284.6  56.0  12.0  62.0
2005 518.500   10763 BG     0  213    0  120 0.460 238.3  18.0 -16.0  24.0
2005 519.500   10759 A      0  132    0  270 0.969 282.9  56.0  12.0  75.0
2005 519.500   10763 B      0   15    0   10 0.604 245.9  16.0 -16.0  35.0
2005 519.500   10765 A      0   24    0   30 0.911  79.2 276.0   9.0 -65.0
2005 520.500   10759 A      0    8    0  150 1.000 282.1  55.0  12.0  88.0
2005 520.500   10765 A      0   24    0   20 0.788  77.0 276.0   9.0 -51.0
2005 521.500   10765 A      0   15    0   10 0.605  74.2 278.0   8.0 -36.0
2005 521.500   10766 A      0   28    0   60 0.970  74.0 239.0  15.0 -75.0
2005 521.500   10767 A      0   21    0   60 0.984  96.8 234.0  -7.0 -80.0
2005 522.500   10765 A      0   18    0   10 0.421  66.7 278.0   8.0 -23.0
2005 522.500   10766 B      0   80    0   90 0.895  72.3 239.0  15.0 -62.0
2005 522.500   10767 B      0   78    0  100 0.920  96.9 234.0  -7.0 -67.0
2005 523.500   10766 B      0   62    0   50 0.780  69.2 239.0  15.0 -49.0
2005 523.500   10767 BG     0  117    0  100 0.810  97.5 234.0  -7.0 -54.0
2005 524.500   10766 B      0   61    0   40 0.636  67.3 238.0  13.0 -37.0
2005 524.500   10767 B      0  198    0  130 0.648 100.6 235.0  -8.0 -40.0
2005 525.500   10766 B      0   70    0   40 0.462  55.2 238.0  14.0 -23.0
2005 525.500   10767 BG     0  250    0  140 0.447 103.0 235.0  -7.0 -26.0
2005 526.500   10766 B      0   57    0   30 0.296  27.2 240.0  14.0  -8.0
2005 526.500   10767 BG     0  272    0  140 0.237 119.8 236.0  -8.0 -12.0
2005 526.500   10768 B      0   26    0   20 0.746 260.4 296.0  -8.0  48.0
2005 527.500   10766 A      0   19    0   10 0.265 337.4 241.0  13.0   6.0
2005 527.500   10767 BG     0  476    0  240 0.124 196.1 237.0  -8.0   2.0
2005 527.500   10768 B      0   18    0   20 0.892 261.6 298.0  -8.0  63.0
2005 528.500   10766 A      0   36    0   20 0.399 307.3 241.0  13.0  19.0
2005 528.500   10767 BG     0  572    0  300 0.299 245.9 238.0  -8.0  16.0
2005 528.500   10768 B      0    8    0   20 0.974 260.0 299.0 -10.0  77.0
2005 528.500   10769 A      0   35    0   50 0.934  97.1 153.0  -7.0 -69.0
2005 529.500   10767 BG     0  339    0  200 0.528 254.3 240.0  -9.0  31.0
2005 529.500   10769 A      0   10    0   10 0.859  98.8 150.0  -8.0 -59.0
2005 529.500   10770 B      0   38    0   20 0.223   0.0 209.0  12.0   0.0
2005 530.500   10767 BG     0  342    0  240 0.702 257.9 240.0  -9.0  44.0
2005 530.500   10769 B      0   26    0   20 0.759  99.9 147.0  -8.0 -49.0
2005 530.500   10770 B      0  113    0   60 0.324 313.0 210.0  12.0  14.0
2005 530.500   10771 B      0   60    0   40 0.649 310.0 229.0  24.0  33.0
2005 531.500   10767 B      0  173    0  170 0.860 259.9 241.0  -9.0  59.0
2005 531.500   10769 A      0   14    0   10 0.694 105.2 139.0 -11.0 -43.0
2005 531.500   10770 B      0   17    0   10 0.495 296.1 209.0  12.0  27.0
2005 531.500   10771 B      0   37    0   30 0.786 301.8 229.0  24.0  47.0
2005 531.500   10772 B      0   61    0   50 0.789 112.5 132.0 -18.0 -50.0
2005 6 1.500   10767 B      0  122    0  200 0.952 261.8 241.0  -8.0  72.0
2005 6 1.500   10769 A      0   34    0   20 0.519 108.6 139.0 -10.0 -30.0
2005 6 1.500   10770 A      0    0    0    0 0.652 289.3 208.0  12.0  39.0
2005 6 1.500   10771 A      0   38    0   40 0.879 299.1 227.0  25.0  58.0
2005 6 1.500   10772 BG     0  200    0  130 0.635 118.4 133.0 -18.0 -36.0
2005 6 1.500   10773 B      0   52    0  110 0.971 102.2  93.0 -12.0 -76.0
2005 6 2.500   10767 A      0    0    0    0 0.996 261.0 241.0  -9.0  85.0
2005 6 2.500   10769 A      0   19    0   10 0.305 123.2 141.0 -10.0 -15.0
2005 6 2.500   10771 A      0    5    0   10 0.960 294.2 228.0  23.0  72.0
2005 6 2.500   10772 BG     0  194    0  110 0.470 127.4 133.0 -17.0 -23.0
2005 6 2.500   10773 B      0  124    0  140 0.895 103.2  93.0 -12.0 -63.0
2005 6 3.500   10769 A      0    0    0    0 0.185 122.6 134.0  -6.0  -9.0
2005 6 3.500   10772 B      0  227    0  120 0.324 152.5 134.0 -17.0  -9.0
2005 6 3.500   10773 B      0  175    0  140 0.779 106.5  93.0 -13.0 -50.0
2005 6 4.500   10772 B      0  304    0  160 0.306 199.1 136.0 -17.0   6.0
2005 6 4.500   10773 B      0  299    0  190 0.614 111.2  94.0 -13.0 -36.0
2005 6 4.500   10774 B      0   19    0   10 0.138 310.9 136.0   5.0   6.0
2005 6 4.500   10775 A      0   80    0  160 0.968  77.5  55.0  12.0 -75.0
2005 6 5.500   10772 B      0  199    0  110 0.426 223.6 134.0 -18.0  18.0
2005 6 5.500   10773 B      0  215    0  120 0.442 120.5  93.0 -13.0 -23.0
2005 6 5.500   10774 A      0   18    0   10 0.364 281.2 137.0   4.0  21.0
2005 6 5.500   10775 A      0  151    0  160 0.881  76.3  55.0  12.0 -61.0
2005 6 5.500   10776 B      0  149    0  230 0.946  95.3  45.0  -5.0 -71.0
2005 6 6.500   10772 B      0  214    0  130 0.568 236.9 132.0 -18.0  30.0
2005 6 6.500   10773 B      0  212    0  110 0.259 143.8  93.0 -12.0  -9.0
2005 6 6.500   10774 B      0   68    0   40 0.523 281.4 133.0   6.0  31.0
2005 6 6.500   10775 B      0  235    0  180 0.756  74.1  54.0  12.0 -48.0
2005 6 6.500   10776 B      0  289    0  300 0.876  95.7  41.0  -5.0 -61.0
2005 6 7.500   10772 B      0  177    0  130 0.730 244.8 133.0 -18.0  44.0
2005 6 7.500   10773 B      0  251    0  130 0.254 195.4  93.0 -14.0   4.0
2005 6 7.500   10774 B      0   56    0   40 0.709 275.5 134.0   4.0  45.0
2005 6 7.500   10775 B      0  387    0  240 0.590  73.1  54.0  10.0 -35.0
2005 6 7.500   10776 B      0  664    0  490 0.735  98.3  42.0  -6.0 -47.0
2005 6 8.500   10772 B      0  180    0  180 0.865 248.9 133.0 -18.0  58.0
2005 6 8.500   10773 B      0  165    0   90 0.388 230.5  93.0 -14.0  18.0
2005 6 8.500   10774 A      0   16    0   20 0.907 274.3 140.0   4.0  65.0
2005 6 8.500   10775 BGD    0  496    0  270 0.391  64.4  54.0  10.0 -21.0
2005 6 8.500   10776 BG     0  950    0  570 0.553 101.4  42.0  -6.0 -33.0
2005 6 9.500   10772 B      0   61    0  100 0.952 250.9 133.0 -18.0  71.0
2005 6 9.500   10773 B      0  116    0   70 0.558 243.6  93.0 -14.0  31.0
2005 6 9.500   10775 BGD    0  706    0  360 0.191  46.3  54.0   8.0  -8.0
2005 6 9.500   10776 BG     0 1120    0  600 0.358 108.1  42.0  -6.0 -20.0
2005 610.500   10772 B      0   11    0   60 0.995 251.9 133.0 -18.0  84.0
2005 610.500   10773 B      0   97    0   70 0.718 249.8  93.0 -14.0  44.0
2005 610.500   10775 BGD    0  651    0  330 0.156 326.4  54.0   8.0   5.0
2005 610.500   10776 BG     0 1143    0  580 0.166 133.2  42.0  -6.0  -7.0
2005 610.500   10777 B      0   32    0   30 0.839  84.4 352.0   5.0 -57.0
2005 611.500   10773 B      0   67    0   60 0.825 251.2  89.0 -15.0  54.0
2005 611.500   10775 BG     0  615    0  330 0.360 296.9  54.0  10.0  19.0
2005 611.500   10776 BG     0 1022    0  520 0.181 230.1  43.0  -6.0   8.0
2005 611.500   10777 A      0   15    0   10 0.658  83.2 354.0   5.0 -41.0
2005 612.500   10773 A      0   29    0   40 0.927 253.5  89.0 -15.0  67.0
2005 612.500   10775 BG     0  602    0  360 0.546 287.3  54.0  10.0  32.0
2005 612.500   10776 BG     0  815    0  440 0.375 251.8  43.0  -6.0  21.0
2005 613.500   10773 B      0    9    0   30 0.987 253.6  89.0 -16.0  80.0
2005 613.500   10775 BG     0  398    0  290 0.727 282.9  55.0  10.0  46.0
2005 613.500   10776 BG     0  625    0  380 0.568 258.1  43.0  -6.0  34.0
2005 614.500   10775 B      0  204    0  200 0.859 279.9  55.0   9.0  59.0
2005 614.500   10776 B      0  477    0  360 0.748 261.1  44.0  -6.0  48.0
2005 615.500   10775 B      0  126    0  230 0.961 279.0  57.0   9.0  74.0
2005 615.500   10776 B      0  278    0  320 0.900 263.9  47.0  -5.0  64.0
2005 615.500   10778 A      0   47    0   30 0.620 279.9  21.0   7.0  38.0
2005 615.500   10779 B      0  282    0  150 0.338 156.8 335.0 -17.0  -8.0
2005 616.500   10775 A      0   18    0  130 0.997 279.9  55.0  10.0  86.0
2005 616.500   10776 B      0  119    0  270 0.975 264.6  46.0  -5.0  77.0
2005 616.500   10778 A      0   12    0   10 0.769 279.4  19.0   8.0  50.0
2005 616.500   10779 B      0  454    0  240 0.324 194.9 334.0 -17.0   5.0
2005 617.500   10776 B      0   14    0  190 0.999 264.0  48.0  -6.0  92.0
2005 617.500   10779 BG     0  534    0  300 0.453 223.1 335.0 -18.0  19.0
2005 617.500   10780 B      0   32    0   40 0.916  98.3 250.0  -7.0 -66.0
2005 618.500   10779 B      0  734    0  460 0.602 236.8 335.0 -18.0  32.0
2005 618.500   10780 B      0   84    0   70 0.796 101.2 251.0  -8.0 -52.0
2005 619.500   10779 B      0  614    0  460 0.744 245.3 335.0 -17.0  45.0
2005 619.500   10780 B      0   62    0   40 0.628 103.2 252.0  -7.0 -38.0
2005 620.500   10779 BG     0  338    0  340 0.867 249.2 335.0 -17.0  58.0
2005 620.500   10780 B      0  108    0   60 0.430 110.3 253.0  -7.0 -24.0
2005 621.500   10779 BG     0  151    0  250 0.953 252.6 334.0 -16.0  71.0
2005 621.500   10780 B      0  173    0   90 0.257 126.6 251.0  -7.0 -12.0
2005 622.500   10779 B      0   43    0  180 0.993 250.6 332.0 -19.0  82.0
2005 622.500   10780 B      0  137    0   70 0.174 185.7 251.0  -8.0   1.0
2005 623.500   10780 B      0   57    0   30 0.296 234.0 251.0  -8.0  14.0
2005 624.500   10780 B      0   34    0   20 0.524 250.9 254.0  -8.0  30.0
2005 625.500   10780 A      0   14    0   10 0.694 257.4 254.0  -7.0  43.0
2005 627.500   10781 A      0   29    0   60 0.970  74.1 108.0  16.0 -76.0
2005 628.500   10781 B      0   75    0   90 0.908  74.7 106.0  15.0 -65.0
2005 629.500   10781 B      0   94    0   80 0.805  73.4 105.0  15.0 -53.0
2005 629.500   10782 B      0   18    0   10 0.369 156.1 149.0 -17.0  -9.0
2005 629.500   10783 B      0   41    0   40 0.858  92.8  99.0  -1.0 -59.0
2005 629.500   10784 B      0   34    0   50 0.940  74.0  88.0  16.0 -70.0
2005 630.500   10781 A      0   78    0   50 0.618  70.8 108.0  14.0 -37.0
2005 630.500   10782 B      0  168    0   90 0.346 191.1 149.0 -17.0   4.0
2005 630.500   10783 B      0  235    0  170 0.722  95.5  99.0  -2.0 -46.0
2005 630.500   10784 B      0   75    0   70 0.844  72.8  88.0  16.0 -57.0
2005 630.500   10785 B      0   34    0   20 0.491 136.0 124.0 -18.0 -21.0
2005 7 1.500   10781 A      0   53    0   30 0.440  63.7 108.0  14.0 -24.0
2005 7 1.500   10782 B      0  285    0  160 0.450 221.1 150.0 -17.0  18.0
2005 7 1.500   10783 B      0  416    0  250 0.552 100.0  99.0  -3.0 -33.0
2005 7 1.500   10784 B      0   70    0   50 0.709  70.3  88.0  16.0 -44.0
2005 7 1.500   10785 B      0   18    0   10 0.391 162.9 125.0 -19.0  -7.0
2005 7 1.500   10786 B      0   59    0  120 0.969  77.3  56.0  13.0 -76.0
2005 7 1.500   10787 B      0   18    0   10 0.422 241.1 154.0  -9.0  22.0
2005 7 2.500   10781 A      0   97    0   50 0.242  44.4 108.0  13.0 -10.0
2005 7 2.500   10782 B      0  347    0  220 0.615 235.1 150.0 -18.0  32.0
2005 7 2.500   10783 BG     0  934    0  500 0.357 106.8  98.0  -3.0 -20.0
2005 7 2.500   10784 B      0   67    0   40 0.544  60.9  88.0  18.0 -30.0
2005 7 2.500   10785 B      0  128    0   70 0.389 194.7 124.0 -19.0   6.0
2005 7 2.500   10786 BG     0  347    0  370 0.883  78.0  56.0  12.0 -62.0
2005 7 2.500   10787 B      0   48    0   30 0.597 246.9 152.0 -11.0  34.0
2005 7 2.500   10788 A      0   80    0  120 0.943  97.5  48.0  -6.0 -70.0
2005 7 3.500   10781 A      0   59    0   30 0.178 343.3 108.0  13.0   3.0
2005 7 3.500   10782 B      0  303    0  230 0.752 244.0 150.0 -17.0  45.0
2005 7 3.500   10783 BG     0 1190    0  600 0.128 147.1 101.0  -3.0  -4.0
2005 7 3.500   10784 B      0   37    0   20 0.322  46.2  91.0  16.0 -14.0
2005 7 3.500   10785 B      0  227    0  130 0.484 222.2 125.0 -18.0  20.0
2005 7 3.500   10786 BG     0  412    0  310 0.747  76.8  57.0  12.0 -48.0
2005 7 3.500   10787 B      0   51    0   40 0.761 254.0 153.0 -10.0  48.0
2005 7 3.500   10788 B      0  104    0  100 0.853  97.9  47.0  -5.0 -58.0
2005 7 4.500   10781 B      0   38    0   20 0.304 304.0 106.0  13.0  15.0
2005 7 4.500   10782 B      0  149    0  150 0.866 247.0 148.0 -18.0  57.0
2005 7 4.500   10783 B      0  828    0  420 0.164 228.0  98.0  -3.0   7.0
2005 7 4.500   10784 A      0   19    0   10 0.186   0.0  91.0  14.0   0.0
2005 7 4.500   10785 B      0   61    0   40 0.635 234.2 124.0 -19.0  33.0
2005 7 4.500   10786 BGD    0  568    0  350 0.584  74.0  56.0  12.0 -35.0
2005 7 4.500   10787 A      0   30    0   30 0.861 255.2 149.0 -11.0  58.0
2005 7 4.500   10788 B      0  134    0  100 0.741 101.2  44.0  -6.0 -47.0
2005 7 4.500   10789 A      0   16    0   30 0.960  72.2  17.0  18.0 -74.0
2005 7 5.500   10781 B      0   53    0   30 0.466 294.0 104.0  14.0  26.0
2005 7 5.500   10782 B      0   58    0  100 0.956 251.1 149.0 -17.0  71.0
2005 7 5.500   10783 BG     0  976    0  530 0.389 254.0 100.0  -3.0  22.0
2005 7 5.500   10784 A      0   38    0   20 0.297 313.0  91.0  15.0  13.0
2005 7 5.500   10785 B      0   25    0   20 0.771 241.8 124.0 -19.0  46.0
2005 7 5.500   10786 BG     0  656    0  360 0.412  68.1  55.0  12.0 -23.0
2005 7 5.500   10787 B      0   12    0   20 0.952 256.2 149.0 -12.0  71.0
2005 7 5.500   10788 A      0  150    0   90 0.549 106.3  46.0  -6.0 -32.0
2005 7 5.500   10789 B      0  113    0  140 0.914  74.0  14.0  16.0 -66.0
2005 7 6.500   10781 B      0   30    0   20 0.641 287.7 104.0  14.0  39.0
2005 7 6.500   10782 A      0    7    0   60 0.998 252.7 150.0 -17.0  85.0
2005 7 6.500   10783 BG     0  658    0  410 0.596 260.2 101.0  -3.0  36.0
2005 7 6.500   10784 A      0   17    0   10 0.470 295.8  91.0  15.0  26.0
2005 7 6.500   10786 BGD    0  722    0  370 0.215  52.4  55.0  11.0 -10.0
2005 7 6.500   10787 A      0    3    0   60 0.999 253.8 152.0 -16.0  87.0
2005 7 6.500   10788 A      0  131    0   70 0.341 121.8  48.0  -7.0 -17.0
2005 7 6.500   10789 B      0  154    0  130 0.806  71.4  12.0  17.0 -53.0
2005 7 7.500   10781 B      0   12    0   10 0.781 285.1 104.0  14.0  51.0
2005 7 7.500   10783 BG     0  559    0  430 0.759 262.9 101.0  -3.0  49.0
2005 7 7.500   10784 B      0   15    0   10 0.634 291.0  90.0  16.0  38.0
2005 7 7.500   10786 BGD    0  829    0  420 0.161 334.9  56.0  12.0   4.0
2005 7 7.500   10788 A      0  157    0   80 0.175 162.7  49.0  -6.0  -3.0
2005 7 7.500   10789 B      0  299    0  200 0.662  68.2  12.0  17.0 -40.0
2005 7 8.500   10783 BG     0  333    0  370 0.893 265.9 101.0  -2.0  63.0
2005 7 8.500   10786 BGD    0  776    0  410 0.321 297.1  55.0  12.0  17.0
2005 7 8.500   10788 A      0  232    0  120 0.242 231.6  49.0  -5.0  11.0
2005 7 8.500   10789 B      0  333    0  190 0.481  60.6  12.0  17.0 -26.0
2005 7 9.500   10783 B      0  117    0  230 0.967 265.9 100.0  -3.0  75.0
2005 7 9.500   10786 BGD    0  528    0  310 0.523 284.9  56.0  11.0  31.0
2005 7 9.500   10788 A      0  181    0  100 0.422 246.9  48.0  -6.0  23.0
2005 7 9.500   10789 B      0  318    0  170 0.349  44.9  10.0  18.0 -15.0
2005 710.500   10786 BG     0  482    0  330 0.683 280.4  55.0  10.0  43.0
2005 710.500   10788 A      0  110    0   70 0.616 256.7  49.0  -5.0  37.0
2005 710.500   10789 B      0  292    0  150 0.227   4.2  11.0  17.0  -1.0
2005 711.500   10786 BGD    0  383    0  350 0.837 278.1  56.0   9.0  57.0
2005 711.500   10788 A      0   87    0   70 0.778 257.7  49.0  -7.0  50.0
2005 711.500   10789 B      0  134    0   70 0.289 316.3  11.0  16.0  12.0
2005 712.500   10786 BGD    0  188    0  270 0.937 280.2  56.0  11.0  70.0
2005 712.500   10788 A      0   25    0   30 0.902 263.6  50.0  -4.0  64.0
2005 712.500   10789 B      0  125    0   70 0.438 301.4   9.0  17.0  23.0
2005 713.500   10786 BGD    0   86    0  370 0.993 280.6  56.0  11.0  84.0
2005 713.500   10788 A      0   18    0   40 0.972 263.8  48.0  -5.0  76.0
2005 713.500   10789 B      0   30    0   20 0.634 291.8  10.0  17.0  38.0
2005 713.500   10790 B      0   15    0   10 0.611 247.6   7.0 -10.0  35.0
2005 714.500   10786 BG     0   61    0  300 0.995 282.6  56.0  12.0  97.0
2005 714.500   10788 A      0    1    0   30 1.000 266.1  50.0  -4.0  91.0
2005 714.500   10789 B      0   38    0   30 0.762 288.7   8.0  17.0  49.0
2005 714.500   10790 B      0   45    0   40 0.826 254.8  13.0 -10.0  54.0
2005 715.500   10789 A      0   20    0   20 0.858 287.2   5.0  17.0  59.0
2005 715.500   10790 BG     0   81    0  110 0.929 257.4  13.0 -10.0  67.0
2005 716.500   10790 BG     0   59    0  190 0.988 259.1  13.0 -10.0  80.0
2005 717.500   10790 A      0    7    0   60 0.998 260.3  13.0 -10.0  93.0
2005 723.500   10791 B      0  115    0   90 0.765  77.3 151.0  13.0 -50.0
2005 724.500   10791 B      0  177    0  110 0.593  75.1 151.0  13.0 -36.0
2005 725.500   10791 B      0  239    0  130 0.391  69.0 152.0  13.0 -22.0
2005 726.500   10791 B      0  313    0  160 0.203  48.8 152.0  13.0  -9.0
2005 727.500   10791 B      0  256    0  130 0.166 322.2 154.0  13.0   6.0
2005 728.500   10791 A      0  223    0  120 0.365 294.7 155.0  14.0  20.0
2005 728.500   10792 B      0   97    0  220 0.975  78.9  57.0  12.0 -78.0
2005 729.500   10791 B      0  133    0   80 0.552 286.9 154.0  14.0  33.0
2005 729.500   10792 BG     0  357    0  430 0.909  80.5  55.0  11.0 -66.0
2005 729.500   10793 B      0   58    0   30 0.237  51.5 110.0  14.0 -11.0
2005 730.500   10791 B      0   93    0   70 0.742 283.7 156.0  14.0  48.0
2005 730.500   10792 BGD    0  545    0  440 0.785  79.2  56.0  12.0 -52.0
2005 730.500   10793 B      0  138    0   70 0.145 353.3 109.0  14.0   1.0
2005 731.500   10791 B      0   38    0   40 0.878 280.5 157.0  12.0  62.0
2005 731.500   10792 BGD    0  661    0  420 0.616  77.9  57.0  12.0 -38.0
2005 731.500   10793 B      0  152    0   80 0.298 295.7 111.0  13.0  16.0
2005 731.500   10794 A      0   31    0   60 0.964 103.1  22.0 -11.0 -73.0
2005 731.500   10795 A      0   29    0   60 0.970  75.9  18.0  15.0 -77.0
2005 8 1.500   10791 A      0   43    0   80 0.962 280.8 157.0  12.0  75.0
2005 8 1.500   10792 BGD    0  758    0  420 0.429  74.3  57.0  12.0 -25.0
2005 8 1.500   10793 B      0  104    0   60 0.492 286.2 111.0  13.0  29.0
2005 8 1.500   10794 B      0  103    0  110 0.883 105.8  22.0 -11.0 -60.0
2005 8 1.500   10795 A      0   98    0  110 0.894  76.1  18.0  15.0 -64.0
2005 8 2.500   10791 A      0    6    0   60 0.998 281.7 157.0  12.0  88.0
2005 8 2.500   10792 BGD    0  642    0  330 0.230  62.0  57.0  12.0 -12.0
2005 8 2.500   10793 B      0   44    0   30 0.669 282.9 111.0  13.0  42.0
2005 8 2.500   10794 B      0  193    0  150 0.763 109.8  22.0 -11.0 -47.0
2005 8 2.500   10795 A      0  113    0   90 0.775  75.5  18.0  15.0 -51.0
2005 8 3.500   10792 BG     0  478    0  240 0.089 348.9  57.0  11.0   1.0
2005 8 3.500   10793 B      0   23    0   20 0.815 281.7 111.0  13.0  55.0
2005 8 3.500   10794 BG     0  331    0  210 0.614 116.6  22.0 -11.0 -34.0
2005 8 3.500   10795 A      0  141    0   90 0.621  73.3  18.0  15.0 -38.0
2005 8 3.500   10796 B      0   19    0   10 0.241 158.9  51.0  -7.0  -5.0
2005 8 4.500   10792 BG     0  348    0  180 0.254 290.6  57.0  11.0  14.0
2005 8 4.500   10794 BG     0  397    0  220 0.430 132.0  22.0 -11.0 -19.0
2005 8 4.500   10795 B      0  177    0  100 0.462  73.4  14.0  13.0 -27.0
2005 8 5.500   10792 BG     0  282    0  160 0.471 281.9  56.0  11.0  28.0
2005 8 5.500   10794 BG     0  433    0  230 0.334 168.3  24.0 -13.0  -4.0
2005 8 5.500   10795 A      0  173    0   90 0.266  62.5  14.0  13.0 -14.0
2005 8 6.500   10792 BG     0  196    0  130 0.653 278.1  56.0  10.0  41.0
2005 8 6.500   10794 BG     0  411    0  220 0.354 208.7  25.0 -12.0  10.0
2005 8 6.500   10795 B      0  139    0   70 0.101   0.0  15.0  12.0   0.0
2005 8 7.500   10792 B      0  130    0  110 0.804 277.8  56.0  10.0  54.0
2005 8 7.500   10794 BG     0  294    0  170 0.498 229.8  25.0 -13.0  23.0
2005 8 7.500   10795 B      0  116    0   60 0.243 295.1  15.0  12.0  13.0
2005 8 7.500   10796 B      0   73    0   60 0.789 253.5  52.0  -9.0  50.0
2005 8 8.500   10792 B      0   92    0  120 0.922 279.3  57.0  11.0  68.0
2005 8 8.500   10794 B      0  182    0  120 0.651 241.6  25.0 -13.0  36.0
2005 8 8.500   10795 A      0   88    0   50 0.458 284.0  16.0  12.0  27.0
2005 8 8.500   10796 B      0   66    0   80 0.909 258.2  53.0  -8.0  64.0
2005 8 9.500   10792 B      0   34    0  110 0.988 279.2  57.0  10.0  82.0
2005 8 9.500   10794 A      0  174    0  140 0.782 247.8  23.0 -13.0  48.0
2005 8 9.500   10795 A      0   61    0   40 0.640 279.5  15.0  11.0  40.0
2005 8 9.500   10796 B      0   26    0   70 0.982 260.6  53.0  -8.0  78.0
2005 810.500   10792 A      0    2    0   30 0.999 283.4  56.0  13.0  94.0
2005 810.500   10794 A      0  104    0  130 0.915 253.8  26.0 -12.0  64.0
2005 810.500   10795 A      0   34    0   30 0.815 283.9  17.0  15.0  55.0
2005 811.500   10794 A      0   57    0  140 0.979 254.2  25.0 -14.0  76.0
2005 811.500   10795 A      0   33    0   40 0.909 278.1  15.0  10.0  66.0
2005 811.500   10797 A      0   42    0   40 0.848 109.8 254.0 -13.0 -55.0
2005 812.500   10794 A      0    2    0  120 1.000 256.0  25.0 -14.0  89.0
2005 812.500   10795 B      0   12    0   30 0.978 278.9  15.0  10.0  79.0
2005 812.500   10797 B      0   83    0   60 0.720 115.1 254.0 -13.0 -42.0
2005 813.500   10795 A      0    0    0   30 1.000 280.2  15.0  10.0  92.0
2005 813.500   10797 B      0  131    0   80 0.571 124.2 254.0 -13.0 -29.0
2005 814.500   10797 B      0  325    0  180 0.427 141.0 254.0 -13.0 -16.0
2005 814.500   10798 A      0   11    0   10 0.821 100.8 216.0  -5.0 -54.0
2005 815.500   10797 BG     0  282    0  150 0.341 171.4 252.0 -13.0  -3.0
2005 815.500   10798 A      0   29    0   20 0.664 110.1 216.0  -8.0 -39.0
2005 816.500   10797 BG     0  239    0  130 0.391 205.6 252.0 -14.0  10.0
2005 816.500   10798 B      0   17    0   10 0.484 120.2 217.0  -8.0 -25.0
2005 817.500   10797 B      0  154    0   90 0.513 227.6 252.0 -14.0  23.0
2005 817.500   10798 B      0   37    0   20 0.339 142.7 217.0  -9.0 -12.0
2005 818.500   10797 A      0  116    0   80 0.683 241.0 254.0 -14.0  38.0
2005 818.500   10798 B      0   57    0   30 0.301 196.5 221.0 -10.0   5.0
2005 818.500   10799 B      0   20    0   20 0.855 251.5 272.0 -12.0  56.0
2005 819.500   10797 A      0  125    0  110 0.823 249.0 255.0 -13.0  52.0
2005 819.500   10798 BG     0  289    0  160 0.428 228.5 222.0 -10.0  19.0
2005 819.500   10799 A      0   12    0   20 0.950 257.1 273.0 -10.0  70.0
2005 819.500   10800 B      0   41    0   30 0.718  74.3 157.0  16.0 -46.0
2005 820.500   10797 A      0   51    0   70 0.930 253.1 255.0 -13.0  66.0
2005 820.500   10798 BG     0  810    0  510 0.607 241.7 222.0 -11.0  33.0
2005 820.500   10799 B      0    7    0   30 0.993 260.0 271.0  -9.0  82.0
2005 820.500   10800 B      0   83    0   50 0.553  71.3 156.0  16.0 -33.0
2005 820.500   10801 A      0   23    0   20 0.805  87.6 135.0   6.0 -54.0
2005 821.500   10797 A      0   27    0   80 0.985 254.4 254.0 -14.0  78.0
2005 821.500   10798 BG     0  704    0  560 0.777 249.8 224.0 -11.0  48.0
2005 821.500   10800 B      0   55    0   30 0.360  59.8 157.0  17.0 -19.0
2005 821.500   10801 A      0   15    0   10 0.612  87.5 138.0   7.0 -38.0
2005 822.500   10797 A      0    3    0   60 1.000 257.1 253.0 -13.0  90.0
2005 822.500   10798 BGD    0  581    0  670 0.901 254.2 225.0 -11.0  62.0
2005 822.500   10800 B      0  254    0  130 0.201  29.8 157.0  17.0  -6.0
2005 822.500   10801 A      0    0    0    0 0.541  86.0 130.0   8.0 -33.0
2005 823.500   10798 BG     0  307    0  680 0.974 255.9 225.0 -12.0  75.0
2005 823.500   10800 B      0  351    0  180 0.220 322.7 158.0  17.0   8.0
2005 824.500   10798 BG     0   20    0  430 1.000 259.1 227.0 -11.0  90.0
2005 824.500   10800 BG     0  405    0  220 0.387 297.8 158.0  17.0  21.0
2005 824.500   10802 A      0   36    0   20 0.400 143.7 123.0 -12.0 -14.0
2005 824.500   10803 B      0   13    0   30 0.974  79.3  59.0  12.0 -78.0
2005 825.500   10800 B      0  341    0  210 0.582 289.5 158.0  17.0  35.0
2005 825.500   10802 A      0   18    0   10 0.327 180.0 123.0 -12.0   0.0
2005 825.500   10803 B      0  161    0  200 0.914  80.0  56.0  12.0 -67.0
2005 825.500   10804 B      0   58    0   30 0.216  70.7 111.0  11.0 -12.0
2005 826.500   10800 B      0  228    0  170 0.741 286.5 158.0  17.0  48.0
2005 826.500   10803 BG     0  137    0  110 0.782  81.6  58.0  11.0 -52.0
2005 826.500   10804 B      0   19    0   10 0.070 345.9 111.0  11.0   1.0
2005 827.500   10800 B      0   59    0   60 0.868 284.4 158.0  16.0  61.0
2005 827.500   10801 B      0   34    0   20 0.511 275.7 128.0   9.0  31.0
2005 827.500   10803 BG     0  200    0  130 0.638  81.3  57.0  11.0 -40.0
2005 827.500   10804 A      0   19    0   10 0.248 286.7 111.0  11.0  14.0
2005 827.500   10805 B      0   32    0   60 0.963 100.4  24.0  -8.0 -73.0
2005 828.500   10800 B      0   17    0   30 0.955 284.6 158.0  16.0  74.0
2005 828.500   10801 B      0   57    0   40 0.689 275.6 128.0   9.0  44.0
2005 828.500   10803 BGD    0  178    0  100 0.453  79.7  57.0  11.0 -27.0
2005 828.500   10804 A      0    0    0    0 0.453 280.3 111.0  11.0  27.0
2005 828.500   10805 B      0   94    0  100 0.881 103.1  24.0  -8.0 -60.0
2005 829.500   10800 B      0    5    0   30 0.996 285.6 158.0  16.0  87.0
2005 829.500   10801 B      0   22    0   20 0.833 276.1 128.0   9.0  57.0
2005 829.500   10803 BG     0   96    0   50 0.248  73.4  57.0  11.0 -14.0
2005 829.500   10804 B      0   15    0   10 0.625 278.7 111.0  11.0  39.0
2005 829.500   10805 B      0  117    0   90 0.758 107.1  24.0  -8.0 -47.0
2005 829.500   10806 BG     0   80    0   70 0.819 116.6  21.0 -17.0 -50.0
2005 830.500   10803 BG     0   79    0   40 0.069  14.4  57.0  11.0  -1.0
2005 830.500   10805 B      0   79    0   50 0.604 113.5  24.0  -8.0 -34.0
2005 830.500   10806 BG     0   86    0   60 0.693 123.8  21.0 -17.0 -37.0
2005 831.500   10803 B      0   38    0   20 0.232 287.5  57.0  11.0  13.0
2005 831.500   10805 A      0   89    0   50 0.436 125.6  23.0  -8.0 -21.0
2005 831.500   10806 BG     0   83    0   50 0.548 137.0  21.0 -17.0 -23.0
2005 9 1.500   10805 A      0  132    0   70 0.325 155.1  23.0 -10.0  -8.0
2005 9 1.500   10806 A      0   18    0   10 0.410 163.4  24.0 -16.0  -7.0
2005 9 2.500   10805 B      0  114    0   60 0.304 193.1  22.0 -10.0   4.0
2005 9 2.500   10807 B      0   10    0   20 0.966 242.7  88.0 -24.0  70.0
2005 9 3.500   10805 B      0  108    0   60 0.421 223.0  22.0 -11.0  17.0
2005 9 4.500   10805 B      0   98    0   60 0.573 238.9  22.0 -11.0  30.0
2005 9 5.500   10805 A      0   54    0   40 0.737 247.8  22.0 -11.0  44.0
2005 9 6.500   10805 B      0   37    0   40 0.881 252.2  24.0 -12.0  59.0
2005 9 7.500   10808 A      0    1    0   10 0.996 102.8 229.0 -12.0 -83.0
2005 9 8.500   10808 BG     0  370    0  510 0.932 102.6 232.0  -9.0 -67.0
2005 9 8.500   10809 A      0   40    0   40 0.860  82.6 239.0  10.0 -60.0
2005 9 9.500   10808 BGD    0 1590    0 1430 0.831 106.0 232.0  -9.0 -54.0
2005 9 9.500   10809 A      0   27    0   20 0.726  83.1 239.0  10.0 -47.0
2005 910.500   10808 BGD    0 1918    0 1400 0.728 109.6 229.0  -9.0 -44.0
2005 910.500   10809 A      0   33    0   20 0.555  82.8 239.0  10.0 -34.0
2005 911.500   10808 BGD    0 2072    0 1250 0.559 118.0 229.0  -9.0 -30.0
2005 911.500   10809 A      0   37    0   20 0.341  80.6 239.0  10.0 -20.0
2005 912.500   10808 BGD    0 1524    0  840 0.421 137.0 229.0 -11.0 -17.0
2005 913.500   10808 BGD    0 1591    0  840 0.320 167.6 229.0 -11.0  -4.0
2005 913.500   10809 A      0   39    0   20 0.139 276.2 241.0   8.0   8.0
2005 914.500   10808 BGD    0 1870    0 1000 0.354 208.8 230.0 -11.0  10.0
2005 915.500   10808 BGD    0 1547    0  880 0.477 230.5 229.0 -11.0  22.0
2005 916.500   10808 BGD    0  934    0  620 0.657 244.1 230.0 -11.0  37.0
2005 917.500   10808 BD     0  505    0  420 0.798 250.4 230.0 -11.0  50.0
2005 917.500   10810 A      0   22    0   50 0.974  81.3 102.0  10.0 -78.0
2005 918.500   10808 BG     0  284    0  340 0.908 254.4 230.0 -11.0  63.0
2005 918.500   10810 B      0  126    0  170 0.928  82.0  98.0  10.0 -69.0
2005 919.500   10808 A      0  100    0  280 0.984 257.4 232.0 -11.0  78.0
2005 919.500   10810 B      0  229    0  180 0.771  82.9 103.0  10.0 -51.0
2005 919.500   10811 A      0    0    0    0 0.294 180.0 154.0 -10.0   0.0
2005 920.500   10810 B      0  400    0  250 0.597  82.8 104.0  10.0 -37.0
2005 921.500   10810 B      0  392    0  210 0.356  86.0 107.0   8.0 -21.0
2005 922.500   10810 B      0  456    0  230 0.125  73.6 107.0   9.0  -7.0
2005 923.500   10810 BG     0  497    0  250 0.109 289.0 107.0   9.0   6.0
2005 923.500   10812 B      0   17    0   30 0.958  93.2  28.0  -1.0 -73.0
2005 924.500   10810 B      0  359    0  190 0.323 274.4 107.0   8.0  19.0
2005 924.500   10812 B      0   27    0   30 0.888  97.0  26.0  -3.0 -62.0
2005 925.500   10810 B      0  246    0  150 0.569 274.1 110.0   8.0  35.0
2005 925.500   10812 B      0   27    0   20 0.717  99.6  30.0  -2.0 -45.0
2005 926.500   10810 B      0  185    0  140 0.750 274.6 111.0   8.0  49.0
2005 926.500   10812 A      0   33    0   20 0.543 102.7  30.0  -1.0 -32.0
2005 927.500   10810 A      0  181    0  190 0.878 275.4 110.0   8.0  62.0
2005 927.500   10812 A      0   37    0   20 0.372 113.2  28.0  -2.0 -20.0
2005 928.500   10810 A      0  103    0  180 0.958 276.3 109.0   8.0  74.0
2005 928.500   10812 A      0   39    0   20 0.176 150.3  30.0  -2.0  -5.0
2005 929.500   10810 A      0   10    0  150 0.999 277.8 111.0   8.0  89.0
2005 929.500   10812 A      0   39    0   20 0.218 219.5  30.0  -3.0   8.0
2005 930.500   10812 B      0   37    0   20 0.378 244.7  29.0  -3.0  20.0
200510 4.500   10813 B      0  101    0   60 0.537 112.1 286.0  -6.0 -30.0
200510 5.500   10813 BG     0  276    0  150 0.392 128.6 285.0  -8.0 -18.0
200510 6.500   10813 BG     0  250    0  130 0.263 160.8 285.0  -8.0  -5.0
200510 7.500   10813 BG     0  230    0  120 0.283 209.2 285.0  -8.0   8.0
200510 8.500   10813 B      0  143    0   80 0.441 237.2 285.0  -8.0  22.0
200510 9.500   10813 B      0   47    0   30 0.611 248.3 285.0  -8.0  35.0
20051010.500   10813 A      0   25    0   20 0.762 255.4 285.0  -7.0  48.0
20051011.500   10813 B      0   26    0   30 0.894 257.9 286.0  -8.0  62.0
20051011.500   10814 B      0   38    0   20 0.281 222.5 235.0  -6.0  11.0
20051012.500   10814 A      0   71    0   40 0.444 240.8 234.0  -7.0  23.0
20051013.500   10814 A      0   16    0   10 0.590 238.3 228.0 -13.0  31.0
20051014.500   10815 A      0   26    0   50 0.963  83.3 109.0   8.0 -75.0
20051015.500   10815 A      0   70    0   70 0.862  84.1 111.0   8.0 -60.0
20051016.500   10815 A      0   68    0   50 0.728  84.4 111.0   8.0 -47.0
20051017.500   10815 A      0   67    0   40 0.542  84.0 112.0   8.0 -33.0
20051018.500   10815 A      0   56    0   30 0.342  81.9 112.0   8.0 -20.0
20051019.500   10815 B      0   59    0   30 0.145  72.0 110.0   8.0  -8.0
20051019.500   10816 B      0   32    0   20 0.570 235.6 147.0 -14.0  29.0
20051020.500   10815 B      0   39    0   20 0.108 285.4 111.0   7.0   6.0
20051021.500   10815 B      0   37    0   20 0.325 276.1 111.0   7.0  19.0
20051022.500   10815 B      0   33    0   20 0.528 274.9 111.0   7.0  32.0
20051023.500   10817 A      0   18    0   10 0.358  92.2  45.0   4.0 -21.0
20051029.500   10818 A      0    7    0   10 0.921 100.7 284.0  -8.0 -66.0
20051030.500   10818 B      0   53    0   40 0.744 102.2 285.0  -6.0 -47.0
20051031.500   10818 B      0   66    0   40 0.563 111.1 287.0  -8.0 -32.0
20051031.500   10819 B      0   34    0   20 0.487 117.3 293.0  -9.0 -26.0
200511 1.500   10818 B      0   92    0   50 0.384 122.9 287.0  -8.0 -19.0
200511 1.500   10819 B      0   57    0   30 0.307 138.0 294.0  -9.0 -12.0
200511 2.500   10818 B      0   77    0   40 0.235 153.8 289.0  -8.0  -6.0
200511 2.500   10819 B      0   58    0   30 0.229 184.3 294.0  -9.0   1.0
200511 3.500   10818 B      0   58    0   30 0.250 213.5 288.0  -8.0   8.0
200511 3.500   10819 A      0   18    0   10 0.328 226.8 294.0  -9.0  14.0
200511 4.500   10818 A      0   18    0   10 0.409 240.3 287.0  -8.0  21.0
200511 4.500   10819 A      0   17    0   10 0.500 248.7 294.0  -7.0  28.0
200511 5.500   10820 B      0   83    0   50 0.549 232.7 280.0 -16.0  27.0
200511 6.500   10819 A      0    0    0    0 0.854 254.7 297.0 -11.0  57.0
200511 6.500   10820 B      0   98    0   70 0.713 241.6 281.0 -17.0  41.0
200511 7.500   10819 B      0   69    0  120 0.957 256.3 299.0 -12.0  72.0
200511 7.500   10820 B      0   65    0   60 0.838 248.2 281.0 -16.0  54.0
200511 8.500   10819 B      0    3    0   30 0.998 260.8 300.0  -9.0  86.0
200511 8.500   10820 B      0   51    0   80 0.946 250.7 283.0 -17.0  69.0
200511 8.500   10821 A      0   18    0   10 0.434 226.7 233.0 -14.0  19.0
200511 9.500   10820 B      0    8    0   30 0.991 253.3 281.0 -16.0  81.0
20051112.500   10822 A      0   36    0  120 0.988  94.5  80.0  -4.0 -81.0
20051113.500   10822 B      0   95    0  120 0.917  97.9  82.0  -6.0 -66.0
20051114.500   10822 BG     0  688    0  610 0.825  99.3  80.0  -6.0 -55.0
20051115.500   10822 BG     0 1198    0  810 0.673 105.0  80.0  -8.0 -41.0
20051116.500   10822 BG     0 1283    0  740 0.498 111.0  80.0  -8.0 -28.0
20051117.500   10822 BG     0 1371    0  720 0.304 122.5  80.0  -7.0 -15.0
20051118.500   10822 BG     0 1360    0  690 0.166 168.0  80.0  -7.0  -2.0
20051119.500   10822 BG     0 1174    0  610 0.272 229.3  81.0  -8.0  12.0
20051119.500   10823 B      0   59    0   40 0.665 239.4 106.0 -18.0  37.0
20051120.500   10822 BG     0 1016    0  570 0.453 247.6  80.0  -8.0  25.0
20051120.500   10823 B      0   48    0   40 0.797 246.7 105.0 -17.0  50.0
20051120.500   10824 A      0   64    0   90 0.934 104.8 347.0 -13.0 -68.0
20051121.500   10822 B      0  754    0  480 0.619 254.4  79.0  -8.0  37.0
20051121.500   10823 B      0   25    0   30 0.903 252.3 105.0 -15.0  63.0
20051121.500   10824 B      0   84    0   80 0.851 105.4 345.0 -12.0 -57.0
20051122.500   10822 BG     0  595    0  480 0.784 259.5  80.0  -7.0  51.0
20051122.500   10824 B      0  161    0  120 0.740 108.1 343.0 -12.0 -46.0
20051123.500   10822 B      0  285    0  320 0.895 261.3  80.0  -7.0  63.0
20051123.500   10824 B      0  146    0   90 0.579 117.4 345.0 -14.0 -32.0
20051124.500   10822 B      0   74    0  250 0.989 260.6  85.0  -9.0  81.0
20051124.500   10824 B      0  128    0   70 0.405 128.4 345.0 -13.0 -19.0
20051125.500   10822 A      0   29    0  120 0.992 261.1  88.0  -9.0  97.0
20051125.500   10824 B      0  135    0   70 0.249 159.9 346.0 -12.0  -5.0
20051125.500   10825 B      0   38    0   20 0.244 122.2 339.0  -6.0 -12.0
20051126.500   10824 B      0  134    0   70 0.284 200.9 343.0 -14.0   6.0
20051126.500   10825 B      0   19    0   10 0.129 180.0 337.0  -6.0   0.0
20051127.500   10824 B      0  108    0   60 0.423 231.7 344.0 -14.0  20.0
20051127.500   10825 A      0   19    0   10 0.189 246.9 334.0  -3.0  10.0
20051128.500   10824 B      0  110    0   70 0.613 245.2 346.0 -14.0  35.0
20051128.500   10826 B      0   28    0   30 0.884  92.9 249.0  -2.0 -62.0
20051129.500   10824 B      0   77    0   60 0.764 250.6 346.0 -14.0  48.0
20051129.500   10826 B      0   39    0   30 0.756  93.5 249.0  -2.0 -49.0
20051130.500   10824 B      0   46    0   50 0.884 253.6 346.0 -14.0  61.0
20051130.500   10826 BG     0  226    0  140 0.589  94.6 249.0  -2.0 -36.0
20051130.500   10827 B      0   55    0   50 0.831  81.0 229.0   8.0 -56.0
200512 1.500   10824 B      0   34    0   70 0.969 255.3 346.0 -14.0  75.0
200512 1.500   10826 BGD    0  388    0  210 0.377  97.2 249.0  -2.0 -22.0
200512 1.500   10827 B      0   73    0   50 0.675  78.9 229.0   8.0 -42.0
200512 1.500   10828 B      0   88    0   60 0.672  96.8 229.0  -4.0 -42.0
200512 2.500   10824 A      0    1    0   20 1.000 256.0 346.0 -14.0  88.0
200512 2.500   10826 BGD    0  966    0  490 0.163 106.3 249.0  -2.0  -9.0
200512 2.500   10828 B      0  139    0   80 0.490  99.3 229.0  -4.0 -29.0
200512 2.500   10829 B      0   78    0   40 0.183  10.8 256.0  11.0  -2.0
200512 2.500   10830 A      0   36    0   90 0.979  75.8 180.0  14.0 -78.0
200512 3.500   10826 BG     0  747    0  380 0.184 250.7 255.0  -3.0  10.0
200512 3.500   10828 B      0  134    0   70 0.286 105.9 229.0  -4.0 -16.0
200512 3.500   10829 B      0   57    0   30 0.274 311.8 257.0  11.0  12.0
200512 3.500   10830 B      0   59    0   70 0.904  74.7 181.0  14.0 -64.0
200512 4.500   10826 BG     0  707    0  380 0.365 258.0 253.0  -4.0  21.0
200512 4.500   10828 B      0  119    0   60 0.103 137.6 228.0  -4.0  -4.0
200512 4.500   10829 A      0   17    0   10 0.463 291.3 258.0  10.0  26.0
200512 4.500   10830 B      0  122    0  100 0.789  73.7 181.0  13.0 -51.0
200512 4.500   10831 B      0   59    0   30 0.164 227.5 239.0  -6.0   7.0
200512 5.500   10826 BG     0  423    0  260 0.581 259.3 254.0  -6.0  35.0
200512 5.500   10828 B      0   39    0   20 0.204 248.8 230.0  -4.0  11.0
200512 5.500   10830 A      0  142    0   90 0.614  68.8 183.0  13.0 -36.0
200512 5.500   10831 B      0   91    0   50 0.393 251.3 241.0  -7.0  22.0
200512 6.500   10826 BG     0  270    0  200 0.736 260.4 253.0  -7.0  47.0
200512 6.500   10828 B      0   36    0   20 0.392 251.6 228.0  -7.0  22.0
200512 6.500   10830 B      0   53    0   30 0.462  63.5 181.0  12.0 -25.0
200512 6.500   10831 B      0   47    0   30 0.612 256.7 243.0  -8.0  37.0
200512 7.500   10826 A      0   57    0   80 0.934 264.7 261.0  -5.0  69.0
200512 7.500   10830 A      0  115    0   60 0.282  36.9 182.0  13.0 -10.0
200512 8.500   10826 B      0   31    0   90 0.985 263.9 259.0  -6.0  80.0
200512 8.500   10830 B      0  136    0   70 0.211 355.4 180.0  12.0   1.0
200512 8.500   10831 A      0    0    0    0 0.850 261.8 237.0  -7.0  58.0
200512 8.500   10832 B      0   56    0   60 0.882 254.2 240.0 -14.0  61.0
200512 9.500   10830 A      0   94    0   50 0.320 307.5 181.0  11.0  15.0
200512 9.500   10832 B      0   53    0   90 0.954 254.3 238.0 -15.0  72.0
200512 9.500   10833 B      0   35    0   30 0.807 249.0 218.0 -17.0  52.0
200512 9.500   10834 A      0   26    0   60 0.975  97.1  89.0  -7.0 -77.0
200512 9.500   10835 A      0   19    0   50 0.981  70.6  88.0  19.0 -78.0
20051210.500   10830 B      0   86    0   50 0.507 295.0 181.0  12.0  28.0
20051210.500   10833 B      0   37    0   50 0.927 251.8 220.0 -17.0  67.0
20051210.500   10834 B      0   63    0   70 0.892  96.5  90.0  -6.0 -63.0
20051210.500   10835 B      0  148    0  180 0.911  68.9  89.0  19.0 -64.0
20051211.500   10830 A      0   58    0   40 0.677 288.5 181.0  12.0  41.0
20051211.500   10833 B      0   20    0   50 0.979 253.8 218.0 -16.0  78.0
20051211.500   10834 B      0   37    0   30 0.780  98.6  89.0  -7.0 -51.0
20051211.500   10835 B      0  238    0  220 0.840  68.0  85.0  18.0 -55.0
20051212.500   10830 A      0   33    0   30 0.827 282.6 181.0  10.0  55.0
20051212.500   10834 A      0   79    0   50 0.606  99.1  89.0  -6.0 -37.0
20051212.500   10835 B      0  272    0  190 0.698  59.9  86.0  20.0 -40.0
20051213.500   10830 A      0   14    0   20 0.931 282.1 181.0  11.0  68.0
20051213.500   10834 A      0  145    0   80 0.415 102.8  89.0  -6.0 -24.0
20051213.500   10835 B      0  337    0  200 0.538  53.4  86.0  18.0 -27.0
20051213.500   10836 B      0   61    0   40 0.641 255.2 152.0 -10.0  39.0
20051214.500   10834 B      0  137    0   70 0.203 121.7  90.0  -7.0 -10.0
20051214.500   10835 B      0  274    0  150 0.407  37.3  85.0  18.0 -15.0
20051214.500   10836 B      0  146    0  120 0.793 258.1 152.0 -10.0  52.0
20051215.500   10834 B      0  178    0   90 0.125 213.7  91.0  -7.0   4.0
20051215.500   10835 B      0  302    0  160 0.327   2.9  86.0  18.0  -1.0
20051215.500   10836 B      0   89    0  110 0.914 261.7 153.0  -8.0  66.0
20051216.500   10834 B      0  151    0   80 0.323 251.5  92.0  -7.0  18.0
20051216.500   10835 B      0  201    0  110 0.405 328.3  87.0  19.0  13.0
20051216.500   10836 B      0   62    0  150 0.978 260.0 152.0 -10.0  78.0
20051217.500   10834 BG     0  185    0  110 0.536 258.9  92.0  -7.0  32.0
20051217.500   10835 B      0  183    0  110 0.550 308.7  87.0  19.0  27.0
20051217.500   10837 B      0   36    0   20 0.399 112.5  38.0 -10.0 -22.0
20051218.500   10834 B      0  155    0  110 0.709 262.9  92.0  -6.0  45.0
20051218.500   10835 B      0  142    0  100 0.703 300.8  87.0  20.0  40.0
20051218.500   10837 B      0  117    0   60 0.215 134.1  38.0 -10.0  -9.0
20051219.500   10834 B      0   76    0   70 0.839 262.7  91.0  -7.0  57.0
20051219.500   10835 B      0  131    0  120 0.837 294.0  88.0  19.0  54.0
20051219.500   10837 B      0  393    0  200 0.180 215.0  40.0 -10.0   6.0
20051220.500   10834 A      0   32    0   50 0.945 263.2  92.0  -7.0  71.0
20051220.500   10835 A      0   79    0  110 0.932 290.1  88.0  18.0  67.0
20051220.500   10837 B      0  389    0  210 0.374 244.0  41.0 -11.0  20.0
20051221.500   10834 A      0    8    0   40 0.994 263.2  92.0  -7.0  84.0
20051221.500   10835 A      0   22    0   80 0.990 289.5  89.0  19.0  81.0
20051221.500   10837 B      0  234    0  140 0.546 252.4  40.0 -11.0  32.0
20051222.500   10835 A      0    7    0   90 0.999 288.9  87.0  19.0  92.0
20051222.500   10837 BG     0  151    0  110 0.724 258.0  41.0 -10.0  46.0
20051222.500   10838 B      0  109    0   70 0.623  59.2 321.0  17.0 -34.0
20051222.500   10839 B      0   18    0   10 0.380 339.8   3.0  19.0   8.0
20051223.500   10837 A      0   81    0   90 0.892 258.7  44.0 -11.0  63.0
20051223.500   10838 BG     0  301    0  170 0.461  45.3 321.0  17.0 -20.0
20051223.500   10839 B      0   51    0   30 0.515 311.3   5.0  18.0  24.0
20051224.500   10837 A      0   12    0   50 0.992 261.2  51.0  -9.0  83.0
20051224.500   10838 B      0  245    0  130 0.333  20.6 321.0  16.0  -7.0
20051224.500   10839 B      0   29    0   20 0.676 303.2   5.0  20.0  37.0
20051224.500   10840 A      0   40    0   50 0.913  92.3 262.0  -3.0 -66.0
20051224.500   10841 A      0   48    0   90 0.962  85.2 254.0   4.0 -74.0
20051225.500   10837 A      0    1    0   30 1.000 260.9  47.0  -9.0  92.0
20051225.500   10838 B      0  170    0   90 0.325 345.0 320.0  16.0   5.0
20051225.500   10839 A      0   11    0   10 0.823 295.1   7.0  19.0  52.0
20051225.500   10840 A      0   48    0   40 0.798  92.0 262.0  -3.0 -53.0
20051225.500   10841 B      0  115    0  120 0.877  75.0 255.0  12.0 -60.0
20051225.500   10842 A      0   17    0   10 0.502  98.0 285.0  -6.0 -30.0
20051226.500   10838 B      0  162    0   90 0.432 316.6 320.0  16.0  18.0
20051226.500   10839 B      0   23    0   30 0.923 291.8   7.0  19.0  65.0
20051226.500   10840 B      0   76    0   50 0.642  91.8 262.0  -3.0 -40.0
20051226.500   10841 B      0  223    0  170 0.753  71.8 255.0  12.0 -47.0
20051226.500   10842 B      0   38    0   20 0.298 102.5 285.0  -6.0 -17.0
20051226.500   10843 B      0   59    0   80 0.928  76.0 235.0  12.0 -67.0
20051227.500   10838 A      0   78    0   50 0.621 300.0 323.0  16.0  34.0
20051227.500   10839 A      0   10    0   30 0.983 289.9   7.0  19.0  78.0
20051227.500   10840 A      0   53    0   30 0.454  91.6 262.0  -3.0 -27.0
20051227.500   10841 B      0  224    0  140 0.599  66.0 255.0  12.0 -34.0
20051227.500   10842 B      0   39    0   20 0.092 131.2 285.0  -6.0  -4.0
20051227.500   10843 B      0   90    0   80 0.825  73.6 235.0  12.0 -54.0
20051228.500   10838 A      0   49    0   40 0.787 292.8 324.0  16.0  49.0
20051228.500   10840 A      0   38    0   20 0.242  91.8 261.0  -3.0 -14.0
20051228.500   10841 B      0  234    0  130 0.430  54.5 254.0  12.0 -21.0
20051228.500   10842 A      0   19    0   10 0.183 251.1 285.0  -6.0  10.0
20051228.500   10843 B      0   44    0   30 0.674  68.9 235.0  12.0 -40.0
20051229.500   10838 A      0   34    0   40 0.899 289.3 324.0  16.0  62.0
20051229.500   10840 B      0   59    0   30 0.018 103.1 261.0  -3.0  -1.0
20051229.500   10841 B      0  248    0  130 0.289  28.1 254.0  12.0  -8.0
20051229.500   10843 B      0   51    0   30 0.509  60.6 235.0  12.0 -27.0
20051229.500   10844 B      0  112    0  110 0.861 254.2 321.0 -15.0  59.0
20051230.500   10838 A      0   16    0   30 0.963 286.4 322.0  15.0  73.0
20051230.500   10840 A      0   38    0   20 0.225 273.6 262.0  -2.0  13.0
20051230.500   10841 B      0  211    0  110 0.283 335.1 256.0  12.0   7.0
20051230.500   10843 B      0   55    0   30 0.360  44.8 234.0  12.0 -15.0
20051230.500   10844 B      0   48    0   70 0.939 256.1 319.0 -14.0  70.0
20051231.500   10838 A      0    1    0   30 1.000 285.1 324.0  15.0  88.0
20051231.500   10840 A      0   35    0   20 0.438 269.3 262.0  -3.0  26.0
20051231.500   10841 B      0  278    0  150 0.372 313.6 252.0  12.0  16.0
20051231.500   10843 B      0   57    0   30 0.261   7.5 234.0  12.0  -2.0
20051231.500   10844 A      0    6    0   20 0.986 256.3 317.0 -14.0  81.0
