2007 1 1.500   10933 B      0  271    0  220 0.787  93.8  32.0  -5.0 -52.0
2007 1 1.500   10934 A      0   49    0   40 0.781  83.6  33.0   3.0 -51.0
2007 1 2.500   10933 B      0  444    0  290 0.642  90.7  31.0  -3.0 -40.0
2007 1 2.500   10934 A      0   62    0   40 0.627  77.8  33.0   5.0 -38.0
2007 1 3.500   10933 B      0  552    0  310 0.453  92.1  31.0  -4.0 -27.0
2007 1 3.500   10934 A      0   36    0   20 0.424  73.0  34.0   4.0 -24.0
2007 1 3.500   10935 A      0  302    0  240 0.776  94.9   7.0  -6.0 -51.0
2007 1 4.500   10933 B      0  428    0  220 0.225  92.4  32.0  -4.0 -13.0
2007 1 4.500   10934 A      0   58    0   30 0.231  55.6  34.0   4.0 -11.0
2007 1 4.500   10935 A      0  431    0  270 0.601  95.3   8.0  -6.0 -37.0
2007 1 5.500   10933 B      0  499    0  250 0.012   0.0  33.0  -3.0   0.0
2007 1 5.500   10934 A      0   39    0   20 0.138 345.4  35.0   4.0   2.0
2007 1 5.500   10935 A      0  438    0  240 0.406  94.1   9.0  -5.0 -24.0
2007 1 6.500   10933 B      0  329    0  170 0.241 268.6  33.0  -4.0  14.0
2007 1 6.500   10934 A      0   19    0   10 0.268 295.6  33.0   3.0  14.0
2007 1 6.500   10935 A      0  433    0  220 0.177 103.0   9.0  -6.0 -10.0
2007 1 6.500   10936 A      0   29    0   20 0.683  71.0 338.0  10.0 -41.0
2007 1 7.500   10933 A      0  320    0  180 0.453 266.6  33.0  -5.0  27.0
2007 1 7.500   10934 A      0   17    0   10 0.486 285.4  34.0   4.0  28.0
2007 1 7.500   10935 B      0  498    0  250 0.065 212.4   8.0  -7.0   2.0
2007 1 7.500   10936 A      0   17    0   10 0.511  65.1 338.0   9.0 -28.0
2007 1 8.500   10933 B      0  331    0  230 0.693 266.9  37.0  -5.0  44.0
2007 1 8.500   10935 A      0  480    0  250 0.279 258.6   9.0  -7.0  16.0
2007 1 8.500   10936 A      0   18    0   10 0.350  46.8 338.0  10.0 -15.0
2007 1 8.500   10937 B      0   39    0   20 0.211 145.9 346.0 -14.0  -7.0
2007 1 9.500   10933 B      0  348    0  310 0.827 265.5  36.0  -6.0  56.0
2007 1 9.500   10935 A      0  441    0  250 0.471 260.7   8.0  -8.0  28.0
2007 1 9.500   10937 B      0   39    0   20 0.172 216.5 346.0 -12.0   6.0
2007 110.500   10933 B      0  158    0  230 0.938 267.3  37.0  -4.0  70.0
2007 110.500   10935 A      0  347    0  230 0.655 264.2   8.0  -7.0  41.0
2007 110.500   10937 B      0   36    0   20 0.389 243.3 348.0 -14.0  21.0
2007 111.500   10933 A      0   22    0  100 0.994 265.4  38.0  -5.0  84.0
2007 111.500   10935 A      0  189    0  160 0.807 263.2   8.0  -8.0  54.0
2007 111.500   10936 A      0   18    0   10 0.321 347.8 318.0  14.0   4.0
2007 111.500   10937 A      0   32    0   20 0.599 252.3 350.0 -14.0  36.0
2007 112.500   10933 A      0    1    0  110 1.000 264.0  34.0  -6.0  90.0
2007 112.500   10935 A      0  150    0  190 0.918 263.2   7.0  -8.0  67.0
2007 112.500   10937 A      0   13    0   10 0.757 255.3 349.0 -14.0  49.0
2007 113.500   10935 A      0   62    0  190 0.986 262.6   8.0  -8.0  81.0
2007 113.500   10937 A      0   18    0   20 0.881 256.5 349.0 -14.0  62.0
2007 113.500   10938 B      0  105    0  110 0.877  85.2 226.0   2.0 -61.0
2007 114.500   10935 A      0    6    0   60 0.998 261.7   8.0  -8.0  94.0
2007 114.500   10938 B      0  159    0  120 0.748  83.2 226.0   2.0 -48.0
2007 115.500   10938 B      0  146    0   90 0.582  79.9 226.0   2.0 -35.0
2007 116.500   10938 B      0  110    0   60 0.391  73.3 226.0   2.0 -22.0
2007 117.500   10938 B      0   19    0   10 0.220  51.9 224.0   3.0 -10.0
2007 118.500   10938 B      0   59    0   30 0.147 314.8 227.0   1.0   6.0
2007 119.500   10938 B      0   57    0   30 0.305 312.9 221.0   7.0  13.0
2007 120.500   10938 A      0   35    0   20 0.477 288.3 222.0   4.0  27.0
2007 120.500   10939 B      0  191    0  100 0.294 276.7 212.0  -3.0  17.0
2007 121.500   10939 B      0  190    0  110 0.499 271.1 212.0  -4.0  30.0
2007 122.500   10939 B      0  175    0  120 0.680 269.9 212.0  -4.0  43.0
2007 123.500   10939 B      0  195    0  170 0.818 270.2 210.0  -3.0  55.0
2007 124.500   10939 B      0  116    0  160 0.932 267.8 211.0  -4.0  69.0
2007 125.500   10939 A      0   15    0   60 0.991 264.7 212.0  -6.0  83.0
2007 126.500   10940 A      0   55    0  120 0.972  94.8  39.0  -6.0 -77.0
2007 127.500   10940 A      0  161    0  170 0.880  93.7  41.0  -6.0 -62.0
2007 128.500   10940 B      0  237    0  180 0.752  92.9  40.0  -6.0 -49.0
2007 129.500   10940 B      0  393    0  240 0.571  90.3  41.0  -5.0 -35.0
2007 129.500   10941 A      0   81    0  110 0.930  97.4   7.0  -9.0 -69.0
2007 130.500   10940 B      0  522    0  280 0.359  85.5  42.0  -4.0 -21.0
2007 130.500   10941 A      0  146    0  130 0.826  93.2   7.0  -6.0 -56.0
2007 131.500   10940 B      0  572    0  290 0.160  77.5  41.0  -4.0  -9.0
2007 131.500   10941 A      0  220    0  150 0.678  95.2   7.0  -8.0 -43.0
2007 2 1.500   10940 B      0  576    0  290 0.111 289.4  43.0  -4.0   6.0
2007 2 1.500   10941 A      0  262    0  150 0.482  93.4   8.0  -7.0 -29.0
2007 2 2.500   10940 B      0  472    0  250 0.326 275.7  43.0  -4.0  19.0
2007 2 2.500   10941 A      0  267    0  140 0.291  93.7   7.0  -7.0 -17.0
2007 2 3.500   10940 B      0  360    0  210 0.514 272.7  41.0  -4.0  31.0
2007 2 3.500   10941 A      0  279    0  140 0.070 100.7   6.0  -7.0  -4.0
2007 2 4.500   10940 B      0  274    0  190 0.692 269.4  41.0  -5.0  44.0
2007 2 4.500   10941 A      0  236    0  120 0.173 265.6   7.0  -7.0  10.0
2007 2 5.500   10940 B      0  192    0  180 0.845 268.1  43.0  -5.0  58.0
2007 2 5.500   10941 A      0  222    0  120 0.372 267.1   7.0  -7.0  22.0
2007 2 6.500   10940 B      0   86    0  130 0.943 267.0  43.0  -5.0  71.0
2007 2 6.500   10941 A      0  312    0  190 0.570 267.0   7.0  -7.0  35.0
2007 2 7.500   10940 A      0   27    0  120 0.994 265.7  43.0  -5.0  84.0
2007 2 7.500   10941 A      0  161    0  120 0.739 266.4   7.0  -7.0  48.0
2007 2 8.500   10940 A      0   26    0  120 0.994 264.2  43.0  -5.0  97.0
2007 2 8.500   10941 A      0  108    0  110 0.871 265.6   7.0  -7.0  61.0
2007 2 9.500   10941 A      0   59    0  110 0.963 264.6   7.0  -7.0  75.0
2007 210.500   10941 A      0    7    0  120 1.000 263.2   8.0  -7.0  89.0
2007 216.500   10942 B      0   44    0   60 0.928 101.3 131.0 -13.0 -69.0
2007 217.500   10942 A      0   23    0   20 0.813  98.6 132.0 -11.0 -55.0
2007 218.500   10942 B      0   60    0   40 0.652 100.3 133.0 -12.0 -41.0
2007 219.500   10942 B      0  105    0   60 0.470 102.4 132.0 -12.0 -28.0
2007 219.500   10943 B      0   99    0   50 0.110 141.8 156.0 -12.0  -4.0
2007 220.500   10942 B      0   77    0   40 0.264 106.0 132.0 -11.0 -15.0
2007 220.500   10943 B      0   78    0   40 0.191 242.7 157.0 -12.0  10.0
2007 221.500   10942 B      0   99    0   50 0.110 128.7 129.0 -11.0  -5.0
2007 222.500   10942 B      0   39    0   20 0.163 251.4 130.0 -10.0   9.0
2007 222.500   10944 A      0   65    0  120 0.962  98.4  46.0 -10.0 -75.0
2007 223.500   10942 A      0   17    0   10 0.438 259.5 133.0 -11.0  26.0
2007 223.500   10944 A      0  107    0  110 0.873  89.5  46.0  -3.0 -61.0
2007 224.500   10944 A      0  119    0   90 0.750  93.0  44.0  -7.0 -49.0
2007 225.500   10944 A      0  176    0  110 0.597  93.8  43.0  -8.0 -37.0
2007 226.500   10944 A      0  204    0  110 0.372  90.9  45.0  -7.0 -22.0
2007 226.500   10945 A      0   20    0   20 0.862  92.8   7.0  -6.0 -60.0
2007 227.500   10944 A      0  196    0  100 0.191  84.3  43.0  -6.0 -11.0
2007 227.500   10945 A      0   26    0   20 0.740  90.2   6.0  -5.0 -48.0
2007 228.500   10944 A      0  199    0  100 0.072 286.9  45.0  -6.0   4.0
2007 228.500   10945 A      0   49    0   30 0.557  88.2   7.0  -5.0 -34.0
2007 3 1.500   10944 A      0  172    0   90 0.291 273.2  45.0  -6.0  17.0
2007 3 2.500   10944 A      0  156    0   90 0.499 272.6  44.0  -5.0  30.0
2007 3 2.500   10945 B      0  137    0   70 0.189  89.4   3.0  -7.0 -11.0
2007 3 3.500   10944 A      0  132    0   90 0.678 269.0  44.0  -6.0  43.0
2007 3 4.500   10944 A      0   66    0   60 0.835 267.6  45.0  -6.0  57.0
2007 3 4.500   10945 A      0   19    0   10 0.291 273.2   5.0  -6.0  17.0
2007 3 5.500   10944 A      0   41    0   60 0.937 267.3  45.0  -5.0  70.0
2007 3 5.500   10945 B      0   34    0   20 0.497 270.6   5.0  -6.0  30.0
2007 3 6.500   10944 A      0    4    0   20 0.993 263.8  46.0  -7.0  84.0
2007 3 6.500   10945 B      0   44    0   30 0.678 269.0   5.0  -6.0  43.0
2007 3 7.500   10945 A      0   11    0   10 0.824 266.5   4.0  -7.0  56.0
2007 310.500   10946 B      0   39    0   30 0.754 290.0 315.0  10.0  46.0
2007 311.500   10946 B      0   67    0   70 0.876 285.6 315.0  10.0  59.0
2007 312.500   10946 A      0   11    0   20 0.957 279.6 315.0   7.0  72.0
2007 323.500   10947 B      0   20    0   20 0.860 258.9 158.0 -13.0  60.0
2007 324.500   10947 A      0   11    0   20 0.956 257.4 159.0 -14.0  74.0
2007 325.500   10947 A      0    1    0   10 0.995 255.5 158.0 -15.0  86.0
2007 326.500   10948 B      0   43    0   30 0.696 274.1 103.0  -2.0  44.0
2007 327.500   10948 A      0   22    0   20 0.829 272.1 102.0  -2.0  56.0
2007 328.500   10948 A      0    6    0   10 0.939 270.3 103.0  -2.0  70.0
2007 328.500   10949 A      0   62    0   70 0.894  78.7 331.0   7.0 -62.0
2007 329.500   10949 B      0   51    0   40 0.761  76.3 331.0   6.0 -48.0
2007 330.500   10949 B      0   16    0   10 0.595  68.8 332.0   7.0 -34.0
2007 331.500   10949 B      0   36    0   20 0.413  59.6 332.0   6.0 -21.0
2007 4 1.500   10949 B      0   95    0   50 0.284  29.0 332.0   8.0  -8.0
2007 4 2.500   10949 A      0   38    0   20 0.247 339.5 332.0   7.0   5.0
2007 4 3.500   10949 A      0   18    0   10 0.403 306.9 332.0   8.0  19.0
2007 4 3.500   10950 B      0   16    0   10 0.531 257.5 345.0 -12.0  32.0
2007 414.500   10951 A      0   17    0   10 0.519 104.0 137.0 -12.0 -31.0
2007 417.500   10952 A      0   12    0   20 0.954 263.3 202.0  -8.0  73.0
2007 418.500   10951 A      0   18    0   10 0.326 248.0 134.0 -12.0  18.0
2007 425.500   10953 A      0  139    0  230 0.953 103.2 310.0 -14.0 -73.0
2007 426.500   10953 A      0  440    0  450 0.872  98.9 309.0 -10.0 -61.0
2007 427.500   10953 BD     0  657    0  500 0.753  99.4 308.0 -10.0 -49.0
2007 428.500   10953 BG     0  839    0  520 0.590 101.1 308.0 -10.0 -36.0
2007 429.500   10953 BGD    0  916    0  500 0.399 105.5 308.0 -10.0 -23.0
2007 430.500   10953 BGD    0  943    0  480 0.186 123.9 308.0 -10.0  -9.0
2007 430.500   10954 B      0   52    0   30 0.484  92.9 288.0  -5.0 -29.0
2007 5 1.500   10953 BG     0  869    0  440 0.155 206.1 308.0 -12.0   4.0
2007 5 1.500   10954 B      0   76    0   40 0.277  97.7 288.0  -6.0 -16.0
2007 5 2.500   10953 B      0  799    0  420 0.308 249.3 308.0 -10.0  17.0
2007 5 2.500   10954 B      0   59    0   30 0.040 154.5 290.0  -6.0  -1.0
2007 5 3.500   10953 B      0  654    0  380 0.509 254.7 308.0 -11.0  30.0
2007 5 3.500   10954 B      0   39    0   20 0.214 254.5 290.0  -7.0  12.0
2007 5 4.500   10953 B      0  473    0  330 0.696 259.4 308.0 -10.0  44.0
2007 5 5.500   10953 B      0  284    0  260 0.838 260.4 307.0 -10.0  57.0
2007 5 6.500   10953 B      0   87    0  120 0.932 260.6 305.0 -10.0  69.0
2007 5 7.500   10953 A      0   56    0  190 0.989 259.4 305.0 -11.0  82.0
2007 5 8.500   10953 A      0   22    0   90 0.992 258.5 308.0 -11.0  98.0
2007 5 9.500   10955 B      0  460    0  250 0.389 108.4 175.0 -10.0 -22.0
2007 510.500   10955 B      0  157    0   80 0.172 127.1 176.0  -9.0  -8.0
2007 511.500   10955 B      0  296    0  150 0.148 224.3 176.0  -9.0   6.0
2007 512.500   10955 B      0  167    0   90 0.371 252.6 178.0  -9.0  21.0
2007 513.500   10955 B      0   81    0   50 0.579 258.3 179.0  -9.0  35.0
2007 514.500   10955 B      0   70    0   50 0.709 259.9 176.0  -9.0  45.0
2007 514.500   10956 B      0   77    0   80 0.876  86.3  70.0   2.0 -61.0
2007 515.500   10955 B      0   10    0   10 0.848 263.3 176.0  -7.0  58.0
2007 515.500   10956 BG     0  173    0  130 0.745  85.1  70.0   2.0 -48.0
2007 516.500   10955 A      0    4    0   10 0.974 263.4 182.0  -7.0  77.0
2007 516.500   10956 BGD    0  359    0  220 0.577  83.1  70.0   2.0 -35.0
2007 516.500   10957 B      0   16    0   10 0.559 266.4 139.0  -4.0  34.0
2007 517.500   10956 BGD    0  558    0  300 0.365  78.7  70.0   2.0 -21.0
2007 518.500   10956 BGD    0  553    0  280 0.151  53.7  71.0   3.0  -7.0
2007 518.500   10957 B      0   30    0   30 0.865 265.5 138.0  -5.0  60.0
2007 519.500   10956 BG     0  297    0  150 0.126 303.9  71.0   2.0   6.0
2007 519.500   10957 B      0   16    0   30 0.961 265.4 139.0  -5.0  74.0
2007 520.500   10956 B      0  359    0  190 0.325 288.2  70.0   4.0  18.0
2007 521.500   10956 B      0  152    0   90 0.535 278.5  71.0   3.0  32.0
2007 522.500   10956 B      0   55    0   40 0.722 275.8  71.0   3.0  46.0
2007 523.500   10956 B      0   19    0   20 0.867 274.4  72.0   3.0  60.0
2007 529.500   10958 A      0   27    0   30 0.888 104.2 231.0 -13.0 -62.0
2007 530.500   10958 A      0   38    0   30 0.767 106.4 231.0 -13.0 -49.0
2007 531.500   10958 A      0    0    0    0 0.599 111.2 232.0 -13.0 -35.0
2007 6 1.500   10958 B      0   18    0   10 0.425 120.8 232.0 -13.0 -22.0
2007 6 1.500   10959 B      0   12    0   10 0.765 105.3 205.0 -12.0 -49.0
2007 6 1.500   10960 B      0  186    0  320 0.957  96.1 181.0  -6.0 -73.0
2007 6 2.500   10958 A      0   19    0   10 0.299 132.5 227.0 -12.0 -13.0
2007 6 2.500   10959 B      0   47    0   30 0.610 109.4 204.0 -12.0 -36.0
2007 6 2.500   10960 BGD    0  448    0  480 0.884  97.7 178.0  -7.0 -62.0
2007 6 3.500   10958 B      0   19    0   10 0.161 198.8 230.0  -9.0   3.0
2007 6 3.500   10959 B      0   35    0   20 0.478 110.8 200.0 -10.0 -27.0
2007 6 3.500   10960 BGD    0  686    0  540 0.772 101.5 177.0  -9.0 -50.0
2007 6 4.500   10959 A      0   19    0   10 0.254 132.4 203.0 -10.0 -11.0
2007 6 4.500   10960 BGD    0  749    0  480 0.625 102.7 176.0  -8.0 -38.0
2007 6 5.500   10958 B      0   52    0   30 0.477 244.1 227.0 -12.0  26.0
2007 6 5.500   10960 BGD    0  743    0  410 0.422 106.8 177.0  -7.0 -24.0
2007 6 6.500   10958 B      0   14    0   10 0.666 250.1 228.0 -13.0  40.0
2007 6 6.500   10960 BG     0  545    0  280 0.226 123.2 177.0  -7.0 -11.0
2007 6 7.500   10958 A      0    0    0    0 0.819 255.1 227.0 -12.0  54.0
2007 6 7.500   10959 B      0   50    0   30 0.542 249.0 204.0 -11.0  31.0
2007 6 7.500   10960 BG     0  534    0  270 0.136 202.4 176.0  -7.0   3.0
2007 6 8.500   10958 A      0    0    0    0 0.925 256.9 227.0 -12.0  67.0
2007 6 8.500   10959 B      0   14    0   10 0.707 255.4 204.0 -10.0  44.0
2007 6 8.500   10960 B      0  454    0  240 0.324 243.4 177.0  -8.0  17.0
2007 6 9.500   10960 B      0  252    0  150 0.539 258.0 179.0  -6.0  32.0
2007 610.500   10960 B      0  179    0  130 0.723 262.5 180.0  -5.0  46.0
2007 611.500   10960 B      0   81    0   80 0.859 263.7 180.0  -5.0  59.0
2007 612.500   10960 A      0   51    0   80 0.946 264.4 179.0  -5.0  71.0
2007 613.500   10960 B      0   11    0   70 0.996 264.9 179.0  -5.0  85.0
2007 625.500   10961 A      0   47    0  110 0.976  99.8 219.0  -9.0 -77.0
2007 626.500   10961 A      0  106    0  110 0.876 104.0 223.0 -11.0 -60.0
2007 627.500   10961 B      0  223    0  180 0.783 106.2 220.0 -11.0 -50.0
2007 628.500   10961 B      0  282    0  180 0.620 111.6 221.0 -11.0 -36.0
2007 628.500   10962 B      0   29    0   40 0.928 104.1 190.0 -12.0 -67.0
2007 629.500   10961 B      0  230    0  130 0.466 125.2 220.0 -13.0 -23.0
2007 629.500   10962 B      0   22    0   20 0.831 104.0 188.0 -10.0 -55.0
2007 630.500   10961 B      0  400    0  210 0.299 149.2 221.0 -12.0  -9.0
2007 630.500   10962 A      0   46    0   30 0.630 109.8 193.0 -10.0 -37.0
2007 7 1.500   10961 B      0  272    0  140 0.236 196.9 221.0 -10.0   4.0
2007 7 1.500   10962 A      0   17    0   10 0.458 114.0 189.0  -8.0 -25.0
2007 7 2.500   10961 B      0  168    0   90 0.356 234.2 222.0  -9.0  17.0
2007 7 3.500   10961 A      0  150    0   90 0.548 248.1 221.0  -9.0  31.0
2007 7 4.500   10961 A      0  140    0  100 0.714 253.9 220.0  -9.0  44.0
2007 7 5.500   10961 A      0   63    0   60 0.848 258.3 220.0  -8.0  57.0
2007 7 5.500   10962 A      0  107    0   60 0.444 251.4 188.0  -5.0  25.0
2007 7 6.500   10961 A      0   31    0   50 0.950 259.3 221.0  -9.0  71.0
2007 7 7.500   10961 A      0    7    0   60 0.998 261.7 223.0  -8.0  86.0
2007 7 7.500   10963 A      0   11    0   50 0.994  99.5  54.0  -9.0 -83.0
2007 7 8.500   10963 B      0  118    0  150 0.919  99.3  58.0  -7.0 -66.0
2007 7 9.500   10963 BG     0  298    0  260 0.819 101.3  57.0  -7.0 -54.0
2007 710.500   10963 BG     0  797    0  530 0.658 103.8  57.0  -6.0 -40.0
2007 711.500   10963 B      0  642    0  370 0.496 109.7  56.0  -6.0 -28.0
2007 712.500   10963 B      0  819    0  430 0.302 121.4  56.0  -5.0 -15.0
2007 713.500   10963 B      0  609    0  310 0.179 174.4  56.0  -6.0  -1.0
2007 713.500   10964 B      0   69    0   40 0.499 270.6  87.0   4.0  30.0
2007 714.500   10963 B      0  381    0  200 0.299 233.5  58.0  -6.0  14.0
2007 714.500   10964 B      0   76    0   50 0.642 269.4  84.0   3.0  40.0
2007 715.500   10963 B      0  472    0  270 0.484 249.0  57.0  -6.0  27.0
2007 715.500   10964 B      0   58    0   50 0.809 269.2  84.0   2.0  54.0
2007 716.500   10963 B      0  361    0  240 0.657 257.0  57.0  -5.0  40.0
2007 716.500   10964 A      0   13    0   20 0.945 271.6  88.0   3.0  71.0
2007 717.500   10963 B      0  282    0  240 0.809 259.1  57.0  -6.0  53.0
2007 718.500   10963 B      0  159    0  210 0.925 262.6  58.0  -5.0  67.0
2007 719.500   10963 A      0   13    0  110 0.998 265.7  64.0  -4.0  86.0
2007 728.500   10965 B      0   52    0   30 0.486 124.8 195.0 -11.0 -24.0
2007 729.500   10965 B      0   75    0   40 0.332 149.2 196.0 -11.0 -10.0
2007 730.500   10965 B      0   19    0   10 0.280 194.2 197.0 -10.0   4.0
2007 731.500   10965 A      0   18    0   10 0.395 219.9 194.0 -12.0  15.0
2007 8 3.500   10966 A      0    5    0   10 0.964  95.8  66.0  -4.0 -74.0
2007 8 4.500   10966 A      0   27    0   30 0.890  98.8  64.0  -5.0 -62.0
2007 8 5.500   10966 A      0   13    0   10 0.740 105.3  67.0  -7.0 -46.0
2007 8 6.500   10966 B      0   48    0   30 0.589 109.2  65.0  -6.0 -34.0
2007 8 7.500   10966 A      0   36    0   20 0.411 120.0  65.0  -6.0 -21.0
2007 8 8.500   10966 B      0   77    0   40 0.245 150.4  66.0  -6.0  -7.0
2007 8 8.500   10967 A      0   26    0   50 0.964 273.5 148.0   5.0  75.0
2007 8 9.500   10966 B      0   77    0   40 0.246 209.5  67.0  -6.0   7.0
2007 810.500   10966 B      0   55    0   30 0.399 238.4  67.0  -6.0  20.0
2007 811.500   10966 B      0   32    0   20 0.587 246.7  66.0  -8.0  33.0
2007 812.500   10966 A      0   13    0   10 0.750 256.0  67.0  -6.0  47.0
2007 813.500   10968 B      0   37    0   20 0.330 260.1  26.0   3.0  19.0
2007 814.500   10968 B      0   35    0   20 0.468 268.1  22.0   5.0  28.0
2007 821.500   10969 A      0   49    0   90 0.961  98.3 189.0  -6.0 -73.0
2007 822.500   10969 A      0   93    0  100 0.885 100.6 187.0  -6.0 -61.0
2007 823.500   10969 A      0  132    0  100 0.748 103.1 188.0  -5.0 -47.0
2007 824.500   10969 A      0  143    0   90 0.601 108.1 187.0  -5.0 -35.0
2007 825.500   10969 B      0  199    0  110 0.424 118.2 187.0  -5.0 -22.0
2007 826.500   10969 A      0  154    0   80 0.250 146.4 188.0  -5.0  -8.0
2007 827.500   10969 A      0  194    0  100 0.227 202.5 188.0  -5.0   5.0
2007 828.500   10969 B      0  203    0  110 0.383 237.9 188.0  -5.0  19.0
2007 829.500   10969 B      0  169    0  100 0.535 248.7 186.0  -5.0  30.0
2007 830.500   10969 A      0  123    0   90 0.729 254.8 188.0  -6.0  45.0
2007 831.500   10969 B      0  120    0  120 0.864 256.4 188.0  -8.0  58.0
2007 9 1.500   10969 A      0   17    0   30 0.956 261.4 189.0  -6.0  72.0
2007 9 1.500   10970 B      0   96    0   50 0.258 208.0 124.0  -6.0   7.0
2007 9 2.500   10970 B      0   54    0   30 0.428 236.3 124.0  -7.0  21.0
2007 9 3.500   10970 B      0   48    0   30 0.599 248.0 124.0  -7.0  34.0
2007 9 4.500   10970 B      0   27    0   20 0.721 253.0 121.0  -7.0  44.0
2007 9 5.500   10970 B      0   25    0   30 0.905 256.5 127.0  -9.0  63.0
2007 9 6.500   10970 B      0    4    0   10 0.971 260.9 126.0  -7.0  75.0
2007 928.500   10971 B      0   79    0   40 0.138 118.2 113.0   3.0  -7.0
2007 929.500   10971 B      0   99    0   50 0.123 238.2 112.0   3.0   6.0
2007 930.500   10971 B      0   75    0   40 0.334 256.9 112.0   2.0  19.0
200710 1.500   10971 B      0   33    0   20 0.542 257.7 112.0  -1.0  32.0
200710 6.500   10972 B      0  116    0   60 0.222 207.9  20.0  -5.0   6.0
200710 7.500   10972 B      0   36    0   20 0.384 237.4  20.0  -6.0  19.0
200711 6.500   10973 A      0   11    0   10 0.826 254.0  19.0 -11.0  54.0
20071116.500   10974 B      0   39    0   20 0.178 337.4 200.0  12.0   4.0
20071117.500   10974 BG     0   73    0   40 0.396 298.1 201.0  13.0  21.0
20071124.500   10975 B      0   38    0   20 0.259 271.8 103.0   2.0  15.0
20071125.500   10975 B      0   17    0   10 0.454 271.6 102.0   2.0  27.0
20071126.500   10975 A      0   15    0   10 0.616 273.2 100.0   3.0  38.0
200712 1.500   10976 B      0   52    0   30 0.474 108.4 329.0  -8.0 -27.0
200712 2.500   10976 B      0   19    0   10 0.239 134.1 333.0  -9.0 -10.0
200712 2.500   10977 B      0   35    0   30 0.801  96.7 290.0  -5.0 -53.0
200712 3.500   10977 B      0   45    0   30 0.649  99.8 289.0  -6.0 -40.0
200712 4.500   10977 B      0   53    0   30 0.446 101.9 290.0  -5.0 -26.0
200712 5.500   10977 B      0   38    0   20 0.248 115.7 290.0  -6.0 -13.0
200712 6.500   10977 B      0   19    0   10 0.102 210.6 293.0  -5.0   3.0
200712 6.500   10978 B      0   51    0   70 0.929  99.7 222.0  -9.0 -68.0
200712 7.500   10978 B      0  104    0   90 0.814 101.0 223.0  -9.0 -54.0
200712 8.500   10978 B      0  245    0  160 0.643 105.4 225.0 -10.0 -39.0
200712 8.500   10979 B      0   41    0   50 0.908 277.8 329.0   7.0  65.0
200712 9.500   10978 B      0  390    0  220 0.459 109.3 225.0  -9.0 -26.0
200712 9.500   10979 A      0   32    0   80 0.979 278.2 329.0   8.0  78.0
20071210.500   10978 BG     0  478    0  250 0.290 124.9 223.0 -10.0 -14.0
20071210.500   10979 A      0    6    0   60 0.999 278.0 330.0   8.0  93.0
20071211.500   10978 BG     0  476    0  240 0.113 171.2 223.0  -7.0  -1.0
20071212.500   10978 BG     0  389    0  200 0.226 245.9 223.0  -6.0  12.0
20071213.500   10978 BGD    0  611    0  340 0.437 253.3 224.0  -8.0  25.0
20071214.500   10978 B      0  440    0  290 0.651 257.3 224.0  -9.0  40.0
20071215.500   10978 B      0  414    0  340 0.793 258.2 223.0 -10.0  52.0
20071216.500   10978 BG     0  201    0  240 0.908 259.5 223.0 -10.0  65.0
20071217.500   10978 B      0   41    0  100 0.978 261.1 223.0  -9.0  78.0
20071218.500   10978 B      0    3    0  120 1.000 262.0 223.0  -8.0  91.0
