2004 1 1.500   10534 B      0  158    0   90 0.470  96.9 123.0  -6.0 -28.0
2004 1 1.500   10535 B      0   30    0   20 0.648 244.0 189.0 -19.0  38.0
2004 1 1.500   10536 A      0  225    0  380 0.955 100.6  78.0 -11.0 -73.0
2004 1 2.500   10534 B      0  193    0  100 0.262 101.0 122.0  -6.0 -15.0
2004 1 2.500   10535 B      0   98    0   80 0.790 248.4 188.0 -19.0  51.0
2004 1 2.500   10536 B      0  702    0  770 0.890 100.7  74.0 -11.0 -63.0
2004 1 3.500   10534 B      0  219    0  110 0.045 129.6 122.0  -5.0  -2.0
2004 1 3.500   10535 B      0  112    0  130 0.901 251.6 188.0 -18.0  64.0
2004 1 3.500   10536 B      0 1141    0  910 0.779 102.7  73.0 -12.0 -51.0
2004 1 4.500   10534 B      0  136    0   70 0.226 262.8 125.0  -5.0  13.0
2004 1 4.500   10535 B      0   54    0  110 0.969 249.2 188.0 -21.0  76.0
2004 1 4.500   10536 B      0 1162    0  740 0.619 101.8  74.0 -10.0 -38.0
2004 1 5.500   10534 B      0  128    0   70 0.391 263.1 122.0  -6.0  23.0
2004 1 5.500   10535 A      0    3    0   20 0.996 248.2 185.0 -22.0  86.0
2004 1 5.500   10536 BG     0 1727    0  960 0.436 108.0  74.0 -11.0 -25.0
2004 1 6.500   10534 B      0   30    0   20 0.642 263.5 126.0  -7.0  40.0
2004 1 6.500   10536 BGD    0 1906    0  980 0.233 118.5  74.0 -10.0 -12.0
2004 1 6.500   10537 A      0   28    0   60 0.972  85.0  10.0   4.0 -76.0
2004 1 7.500   10536 BGD    0 1579    0  800 0.158 205.5  76.0 -12.0   4.0
2004 1 7.500   10537 B      0  163    0  190 0.903  82.6   8.0   5.0 -64.0
2004 1 7.500   10538 B      0   19    0   10 0.200  20.3  68.0   7.0  -4.0
2004 1 7.500   10539 B      0   17    0   10 0.524  66.0  43.0   9.0 -29.0
2004 1 8.500   10536 BGD    0 1489    0  780 0.298 245.0  75.0 -11.0  16.0
2004 1 8.500   10537 BGD    0  266    0  210 0.773  81.6   9.0   4.0 -50.0
2004 1 8.500   10538 B      0   19    0   10 0.170 335.8  63.0   5.0   4.0
2004 1 8.500   10539 B      0   18    0   10 0.338  49.1  44.0   9.0 -15.0
2004 1 9.500   10536 BG     0 1051    0  600 0.482 252.3  74.0 -12.0  28.0
2004 1 9.500   10537 BGD    0  425    0  270 0.616  76.6   9.0   5.0 -37.0
2004 110.500   10536 BG     0  826    0  550 0.660 256.5  74.0 -12.0  41.0
2004 110.500   10537 BGD    0  378    0  210 0.433  69.4   9.0   5.0 -24.0
2004 111.500   10536 BG     0  565    0  480 0.808 258.2  74.0 -12.0  54.0
2004 111.500   10537 BGD    0  406    0  210 0.248  50.1   9.0   5.0 -11.0
2004 112.500   10536 BG     0  189    0  250 0.925 258.8  74.0 -12.0  68.0
2004 112.500   10537 BGD    0  473    0  240 0.170 342.2   9.0   5.0   3.0
2004 112.500   10540 A      0   30    0   60 0.968 100.3 290.0 -11.0 -76.0
2004 113.500   10536 BG     0   80    0  240 0.986 258.6  74.0 -12.0  81.0
2004 113.500   10537 BGD    0  360    0  190 0.318 300.4   9.0   5.0  16.0
2004 113.500   10540 B      0  382    0  500 0.924 100.1 285.0 -11.0 -68.0
2004 114.500   10537 BGD    0  328    0  190 0.503 286.0  10.0   4.0  29.0
2004 114.500   10540 B      0  186    0  180 0.855 102.5 286.0 -13.0 -59.0
2004 115.500   10537 BGD    0  259    0  180 0.692 280.7  10.0   4.0  43.0
2004 115.500   10540 B      0  437    0  300 0.685 104.1 284.0 -13.0 -43.0
2004 115.500   10541 B      0   59    0   30 0.092 214.2 330.0  -9.0   3.0
2004 116.500   10537 BD     0  171    0  160 0.844 277.8  11.0   4.0  57.0
2004 116.500   10540 B      0  613    0  350 0.482 108.5 286.0 -13.0 -28.0
2004 116.500   10541 B      0   18    0   10 0.315 255.6 332.0  -9.0  18.0
2004 116.500   10542 B      0   67    0   60 0.829  73.3 260.0  11.0 -54.0
2004 117.500   10537 B      0  113    0  170 0.943 276.0  11.0   4.0  70.0
2004 117.500   10540 B      0  667    0  350 0.299 122.8 286.0 -14.0 -15.0
2004 117.500   10541 B      0  102    0   60 0.516 260.6 332.0  -9.0  31.0
2004 117.500   10542 A      0   41    0   30 0.715  69.5 258.0  11.0 -43.0
2004 118.500   10537 B      0   11    0   50 0.993 274.6  10.0   4.0  83.0
2004 118.500   10540 B      0  651    0  330 0.161 167.9 285.0 -14.0  -2.0
2004 118.500   10541 B      0   14    0   10 0.693 260.7 331.0 -10.0  44.0
2004 119.500   10540 BGD    0  583    0  300 0.231 227.0 284.0 -14.0  10.0
2004 119.500   10541 A      0   10    0   10 0.845 262.5 332.0  -9.0  58.0
2004 119.500   10542 B      0  206    0  110 0.339  49.1 259.0   8.0 -15.0
2004 119.500   10543 BG     0  135    0   70 0.240 159.8 269.0 -18.0  -5.0
2004 120.500   10540 BGD    0  403    0  220 0.397 246.1 283.0 -14.0  22.0
2004 120.500   10542 BG     0  212    0  110 0.266 348.8 264.0  10.0   3.0
2004 120.500   10543 BG     0  155    0   80 0.246 212.8 269.0 -17.0   8.0
2004 120.500   10544 BG     0  250    0  130 0.274  34.5 252.0   8.0  -9.0
2004 121.500   10540 BG     0  357    0  220 0.582 253.1 283.0 -14.0  35.0
2004 121.500   10542 BG     0  203    0  110 0.375 313.6 264.0  10.0  16.0
2004 121.500   10543 BG     0  183    0  100 0.395 240.7 269.0 -16.0  21.0
2004 121.500   10544 BG     0  252    0  130 0.238 343.2 252.0   8.0   4.0
2004 122.500   10540 BG     0  133    0  100 0.743 255.9 283.0 -14.0  48.0
2004 122.500   10542 B      0  151    0   90 0.540 297.9 264.0  10.0  29.0
2004 122.500   10543 BG     0  131    0   80 0.574 249.5 269.0 -16.0  34.0
2004 122.500   10544 B      0  241    0  130 0.367 308.0 252.0   8.0  17.0
2004 123.500   10540 B      0   78    0   80 0.871 256.9 283.0 -14.0  61.0
2004 123.500   10542 B      0   56    0   40 0.702 290.1 264.0  10.0  42.0
2004 123.500   10543 B      0   54    0   40 0.735 253.1 269.0 -16.0  47.0
2004 123.500   10544 B      0  168    0  100 0.541 293.9 252.0   8.0  30.0
2004 124.500   10540 A      0   37    0  110 0.985 256.7 289.0 -14.0  81.0
2004 124.500   10542 A      0   27    0   30 0.889 284.2 269.0  10.0  61.0
2004 124.500   10543 A      0   50    0   50 0.863 254.6 268.0 -16.0  60.0
2004 124.500   10544 B      0   55    0   40 0.718 286.7 252.0   8.0  44.0
2004 125.500   10540 A      0    0    0   60 1.000 255.0 286.0 -15.0  91.0
2004 125.500   10542 B      0   24    0   40 0.952 281.3 266.0   9.0  71.0
2004 125.500   10543 A      0   12    0   20 0.947 255.0 267.0 -16.0  72.0
2004 125.500   10544 B      0   10    0   10 0.852 282.9 252.0   8.0  57.0
2004 126.500   10542 A      0    2    0   10 0.992 276.8 264.0   6.0  82.0
2004 126.500   10543 A      0    0    0   10 0.999 253.2 271.0 -17.0  89.0
2004 126.500   10544 B      0    4    0   10 0.972 274.5 258.0   3.0  76.0
2004 129.500   10545 B      0   36    0   20 0.395 230.8 161.0 -20.0  19.0
2004 129.500   10546 A      0   38    0   50 0.923 100.6  74.0 -12.0 -68.0
2004 130.500   10545 B      0   66    0   40 0.561 242.6 161.0 -20.0  32.0
2004 130.500   10546 B      0   57    0   50 0.815  99.3  74.0 -11.0 -55.0
2004 130.500   10547 B      0   58    0   30 0.246 103.3 115.0  -9.0 -14.0
2004 131.500   10546 A      0   60    0   40 0.655 101.4  75.0 -12.0 -41.0
2004 131.500   10547 B      0   39    0   20 0.072 166.1 115.0 -10.0  -1.0
2004 131.500   10548 A      0   16    0   10 0.534  68.7  86.0   6.0 -30.0
2004 131.500   10549 B      0   55    0   90 0.951  74.2  46.0  13.0 -70.0
2004 2 1.500   10546 B      0   53    0   30 0.459 104.4  76.0 -12.0 -27.0
2004 2 1.500   10547 B      0  117    0   60 0.217 251.0 115.0 -10.0  12.0
2004 2 1.500   10548 B      0   18    0   10 0.356  54.8  86.0   6.0 -17.0
2004 2 1.500   10549 B      0  180    0  180 0.866  70.0  46.0  14.0 -57.0
2004 2 2.500   10546 A      0   38    0   20 0.274 112.6  75.0 -12.0 -15.0
2004 2 2.500   10547 BG     0  142    0   80 0.453 262.2 117.0  -9.0  27.0
2004 2 2.500   10549 B      0  337    0  240 0.712  63.4  49.0  14.0 -41.0
2004 2 2.500   10550 B      0   58    0   30 0.242 261.6 104.0  -8.0  14.0
2004 2 2.500   10551 A      0   35    0   40 0.896  93.7  26.0  -6.0 -64.0
2004 2 2.500   10552 B      0   57    0   30 0.308  97.0  72.0  -8.0 -18.0
2004 2 3.500   10546 A      0   39    0   20 0.106 161.3  74.0 -12.0  -2.0
2004 2 3.500   10547 BG     0  230    0  150 0.639 263.4 116.0  -9.0  40.0
2004 2 3.500   10549 B      0  355    0  220 0.588  55.7  46.0  14.0 -30.0
2004 2 3.500   10550 B      0   53    0   30 0.437 262.2 102.0  -9.0  26.0
2004 2 3.500   10551 B      0   63    0   50 0.774  91.4  25.0  -5.0 -51.0
2004 2 3.500   10552 B      0   99    0   50 0.105  97.8  70.0  -7.0  -6.0
2004 2 4.500   10547 B      0   69    0   60 0.815 264.6 118.0  -8.0  55.0
2004 2 4.500   10549 B      0  358    0  200 0.444  39.7  46.0  14.0 -17.0
2004 2 4.500   10550 B      0   31    0   20 0.626 263.4 102.0  -9.0  39.0
2004 2 4.500   10551 B      0  171    0  110 0.626  91.8  24.0  -6.0 -39.0
2004 2 4.500   10552 B      0   99    0   50 0.108 253.6  69.0  -8.0   6.0
2004 2 5.500   10547 A      0   28    0   40 0.936 263.8 120.0  -8.0  70.0
2004 2 5.500   10549 B      0  224    0  120 0.354  11.0  46.0  14.0  -4.0
2004 2 5.500   10551 B      0  395    0  220 0.436  90.7  24.0  -6.0 -26.0
2004 2 5.500   10552 B      0   56    0   30 0.341 264.0  70.0  -8.0  20.0
2004 2 5.500   10553 B      0   59    0   30 0.029  36.5  49.0  -5.0  -1.0
2004 2 6.500   10547 A      0    8    0   30 0.991 262.8 120.0  -8.0  83.0
2004 2 6.500   10549 B      0  129    0   70 0.379 336.4  46.0  14.0   9.0
2004 2 6.500   10551 BG     0  506    0  260 0.224  88.9  24.0  -6.0 -13.0
2004 2 6.500   10552 A      0   16    0   10 0.541 265.2  70.0  -8.0  33.0
2004 2 6.500   10553 B      0   19    0   10 0.208 276.1  49.0  -5.0  12.0
2004 2 7.500   10549 B      0  155    0   90 0.499 313.2  46.0  14.0  22.0
2004 2 7.500   10551 BG     0  599    0  300 0.008   0.0  24.0  -6.0   0.0
2004 2 7.500   10553 A      0   18    0   10 0.423 274.4  49.0  -4.0  25.0
2004 2 7.500   10554 A      0    0    0    0 0.967  96.6 308.0  -8.0 -76.0
2004 2 8.500   10549 B      0  121    0   80 0.653 298.7  46.0  13.0  36.0
2004 2 8.500   10551 BG     0  718    0  370 0.241 271.4  24.0  -6.0  14.0
2004 2 8.500   10554 B      0  162    0  170 0.879  95.6 308.0  -8.0 -62.0
2004 2 9.500   10549 B      0   73    0   60 0.793 292.0  46.0  13.0  49.0
2004 2 9.500   10551 BG     0  588    0  330 0.452 269.7  24.0  -6.0  27.0
2004 2 9.500   10554 BGD    0  385    0  310 0.783  95.0 305.0  -8.0 -52.0
2004 2 9.500   10555 A      0   12    0   20 0.946 102.6 285.0 -14.0 -72.0
2004 210.500   10549 B      0   25    0   30 0.904 287.8  46.0  13.0  62.0
2004 210.500   10551 B      0  318    0  210 0.652 265.4  25.0  -8.0  41.0
2004 210.500   10554 BG     0  395    0  250 0.612  97.8 306.0 -10.0 -38.0
2004 210.500   10555 A      0   32    0   30 0.843 102.4 286.0 -14.0 -58.0
2004 211.500   10549 A      0    3    0   10 0.987 283.4  50.0  12.0  79.0
2004 211.500   10551 B      0  151    0  130 0.814 264.9  26.0  -8.0  55.0
2004 211.500   10554 B      0  438    0  240 0.405  97.1 307.0  -9.0 -24.0
2004 211.500   10555 A      0   28    0   20 0.705 103.2 286.0 -14.0 -45.0
2004 211.500   10556 B      0   51    0   30 0.522  43.6 309.0  16.0 -22.0
2004 212.500   10551 B      0   69    0   90 0.923 264.1  26.0  -8.0  68.0
2004 212.500   10554 B      0  566    0  290 0.213 106.2 306.0 -10.0 -12.0
2004 212.500   10555 A      0   16    0   10 0.534 105.6 286.0 -14.0 -32.0
2004 212.500   10556 B      0   55    0   30 0.399  14.6 312.0  16.0  -6.0
2004 213.500   10551 A      0   20    0   50 0.979 264.2  24.0  -7.0  79.0
2004 213.500   10554 B      0  299    0  150 0.027 219.0 306.0  -8.0   1.0
2004 213.500   10556 B      0   36    0   20 0.393 350.2 309.0  16.0   4.0
2004 213.500   10557 B      0   50    0   30 0.528 260.1 337.0 -11.0  32.0
2004 213.500   10558 B      0   32    0   20 0.591 106.2 269.0 -15.0 -36.0
2004 214.500   10554 B      0  331    0  170 0.226 259.5 304.0  -9.0  13.0
2004 214.500   10556 B      0   17    0   10 0.505 321.9 310.0  17.0  19.0
2004 214.500   10558 A      0   18    0   10 0.383 115.9 270.0 -16.0 -21.0
2004 214.500   10559 B      0   28    0   20 0.696 287.4 333.0   7.0  42.0
2004 215.500   10554 B      0  230    0  130 0.466 263.7 306.0  -9.0  28.0
2004 215.500   10556 B      0   29    0   20 0.684 302.3 315.0  16.0  37.0
2004 215.500   10558 A      0   19    0   10 0.198 143.7 271.0 -16.0  -7.0
2004 215.500   10559 B      0   63    0   60 0.846 284.0 334.0   8.0  56.0
2004 215.500   10560 A      0   34    0   20 0.511 109.9 248.0 -16.0 -30.0
2004 215.500   10561 A      0   25    0   30 0.902  84.5 214.0   2.0 -64.0
2004 216.500   10554 B      0  147    0  100 0.677 265.7 308.0  -8.0  43.0
2004 216.500   10555 A      0    0    0    0 0.397 245.2 287.0 -16.0  22.0
2004 216.500   10556 B      0   21    0   20 0.846 292.6 319.0  15.0  54.0
2004 216.500   10558 A      0    0    0    0 0.188 212.3 271.0 -16.0   6.0
2004 216.500   10559 A      0   21    0   30 0.935 280.2 333.0   7.0  68.0
2004 216.500   10560 B      0   18    0   10 0.333 122.8 248.0 -17.0 -17.0
2004 216.500   10561 A      0   36    0   30 0.795  82.1 213.0   2.0 -52.0
2004 217.500   10554 A      0   56    0   50 0.824 265.0 308.0  -8.0  56.0
2004 217.500   10561 A      0   46    0   30 0.642  78.4 213.0   2.0 -39.0
2004 218.500   10554 A      0   44    0   60 0.929 264.1 308.0  -8.0  69.0
2004 218.500   10561 A      0   35    0   20 0.461  71.8 213.0   2.0 -26.0
2004 219.500   10554 A      0   16    0   60 0.991 262.8 308.0  -8.0  83.0
2004 219.500   10561 A      0   57    0   30 0.259  53.5 213.0   2.0 -12.0
2004 219.500   10562 A      0    6    0   10 0.951  99.3 152.0 -11.0 -73.0
2004 220.500   10561 A      0   19    0   10 0.158 353.7 213.0   2.0   1.0
2004 220.500   10562 B      0   63    0   60 0.851  98.6 153.0 -11.0 -59.0
2004 220.500   10563 A      0   25    0   30 0.907 109.9 146.0 -21.0 -66.0
2004 221.500   10561 A      0   38    0   20 0.301 300.7 214.0   2.0  15.0
2004 221.500   10562 B      0   28    0   20 0.703 101.4 154.0 -13.0 -45.0
2004 221.500   10563 A      0   24    0   20 0.784 115.1 148.0 -24.0 -51.0
2004 221.500   10564 B      0   27    0   20 0.728  63.1 157.0  14.0 -42.0
2004 222.500   10561 A      0   17    0   10 0.519 285.8 216.0   2.0  30.0
2004 222.500   10562 A      0   17    0   10 0.485 102.0 157.0 -12.0 -29.0
2004 222.500   10563 A      0   44    0   30 0.664 116.9 146.0 -23.0 -40.0
2004 222.500   10564 BG     0  302    0  180 0.541  52.2 160.0  13.0 -26.0
2004 223.500   10562 A      0    0    0    0 0.243 115.7 160.0 -13.0 -13.0
2004 223.500   10563 A      0   17    0   10 0.501 127.0 147.0 -24.0 -26.0
2004 223.500   10564 BG     0  548    0  300 0.405  32.7 160.0  13.0 -13.0
2004 223.500   10565 B      0   82    0   50 0.572  88.5 138.0  -5.0 -35.0
2004 224.500   10563 A      0   56    0   30 0.358 144.9 147.0 -24.0 -13.0
2004 224.500   10564 BG     0  870    0  470 0.377   0.0 160.0  15.0   0.0
2004 224.500   10565 B      0  222    0  120 0.376  83.0 138.0  -4.0 -22.0
2004 224.500   10566 B      0   36    0   20 0.410  60.5 139.0   5.0 -21.0
2004 225.500   10562 B      0   19    0   10 0.175 240.7 155.0 -12.0   9.0
2004 225.500   10563 A      0   57    0   30 0.273 176.6 145.0 -23.0  -1.0
2004 225.500   10564 BG     0  976    0  540 0.428 326.7 160.0  14.0  14.0
2004 225.500   10565 B      0  357    0  180 0.127  73.1 139.0  -5.0  -7.0
2004 225.500   10566 A      0   19    0   10 0.228  22.4 141.0   5.0  -5.0
2004 226.500   10563 A      0   18    0   10 0.335 214.8 145.0 -23.0  12.0
2004 226.500   10564 BGD    0 1076    0  650 0.561 308.3 160.0  14.0  27.0
2004 226.500   10565 B      0  257    0  130 0.127 287.0 140.0  -5.0   7.0
2004 227.500   10563 A      0   17    0   10 0.506 235.7 147.0 -23.0  27.0
2004 227.500   10564 BG     0 1192    0  870 0.728 297.0 162.0  14.0  42.0
2004 227.500   10565 B      0  354    0  190 0.361 277.6 141.0  -4.0  21.0
2004 227.500   10567 B      0   51    0   40 0.760 101.0  70.0 -13.0 -50.0
2004 228.500   10563 B      0   30    0   20 0.651 242.8 146.0 -23.0  39.0
2004 228.500   10564 BG     0  826    0  780 0.848 292.8 161.0  15.0  54.0
2004 228.500   10565 B      0  302    0  180 0.544 273.8 140.0  -4.0  33.0
2004 228.500   10567 B      0  112    0   70 0.600 102.1  70.0 -13.0 -37.0
2004 228.500   10568 B      0   37    0   20 0.366 244.0 127.0 -16.0  20.0
2004 229.500   10564 BG     0  454    0  650 0.937 286.8 161.0  13.0  67.0
2004 229.500   10565 B      0  126    0  100 0.775 270.7 145.0  -4.0  51.0
2004 229.500   10567 B      0  218    0  120 0.412 105.7  70.0 -13.0 -24.0
2004 229.500   10568 B      0   16    0   10 0.541 249.6 126.0 -17.0  32.0
2004 3 1.500   10564 B      0   36    0  130 0.990 284.3 160.0  13.0  80.0
2004 3 1.500   10565 BG     0   70    0   80 0.897 269.1 144.0  -4.0  64.0
2004 3 1.500   10567 BG     0  234    0  120 0.212 118.9  69.0 -13.0 -11.0
2004 3 2.500   10565 B      0   42    0  100 0.977 268.5 145.0  -3.0  78.0
2004 3 2.500   10567 B      0  278    0  140 0.108 219.3  71.0 -12.0   4.0
2004 3 3.500   10565 A      0    7    0   80 0.999 267.6 147.0  -2.0  93.0
2004 3 3.500   10567 BG     0  306    0  160 0.283 252.0  70.0 -12.0  16.0
2004 3 4.500   10567 BGD    0  280    0  160 0.484 258.3  70.0 -12.0  29.0
2004 3 4.500   10569 B      0   33    0   20 0.556  99.0  11.0 -11.0 -34.0
2004 3 5.500   10567 BGD    0  239    0  160 0.664 260.1  70.0 -12.0  42.0
2004 3 5.500   10569 B      0   76    0   40 0.280 104.5  12.0 -11.0 -16.0
2004 3 5.500   10570 A      0   25    0  100 0.992 102.2 304.0 -13.0 -84.0
2004 3 6.500   10567 BG     0  244    0  210 0.813 260.4  70.0 -12.0  55.0
2004 3 6.500   10569 B      0  139    0   70 0.083 141.9  12.0 -11.0  -3.0
2004 3 6.500   10570 B      0  244    0  340 0.933 101.2 305.0 -13.0 -70.0
2004 3 7.500   10567 B      0   67    0   80 0.907 257.9  67.0 -14.0  66.0
2004 3 7.500   10569 B      0   58    0   30 0.199 250.1  12.0 -11.0  11.0
2004 3 7.500   10570 B      0  600    0  570 0.850 102.0 302.0 -14.0 -59.0
2004 3 8.500   10567 B      0   12    0   30 0.977 257.2  67.0 -14.0  79.0
2004 3 8.500   10569 A      0   35    0   20 0.439 257.4  14.0 -12.0  26.0
2004 3 8.500   10570 BG     0 1048    0  750 0.715 102.5 302.0 -14.0 -46.0
2004 3 9.500   10569 A      0   15    0   10 0.639 259.9  15.0 -12.0  40.0
2004 3 9.500   10570 BG     0 1060    0  640 0.560 104.3 301.0 -14.0 -34.0
2004 310.500   10569 B      0   35    0   30 0.803 260.4  16.0 -12.0  54.0
2004 310.500   10570 BG     0 1364    0  730 0.355 110.7 302.0 -14.0 -20.0
2004 310.500   10571 B      0   19    0   10 0.250 241.0 335.0 -14.0  13.0
2004 311.500   10569 A      0    7    0   10 0.921 261.1  18.0 -11.0  68.0
2004 311.500   10570 BGD    0 1145    0  580 0.156 130.6 303.0 -13.0  -7.0
2004 311.500   10571 B      0   17    0   10 0.460 253.4 337.0 -14.0  27.0
2004 312.500   10569 A      0    3    0   10 0.981 258.1  16.0 -13.0  80.0
2004 312.500   10570 BGD    0 1088    0  550 0.146 215.4 301.0 -14.0   5.0
2004 312.500   10572 B      0   35    0   20 0.449 349.4 301.0  19.0   5.0
2004 312.500   10573 A      0   55    0   80 0.939 102.3 225.0 -14.0 -71.0
2004 313.500   10570 BGD    0  730    0  390 0.351 251.9 303.0 -13.0  20.0
2004 313.500   10572 B      0  186    0  110 0.533 324.7 302.0  19.0  19.0
2004 313.500   10573 A      0   77    0   70 0.832  99.7 226.0 -12.0 -57.0
2004 314.500   10570 BG     0  576    0  340 0.530 256.9 302.0 -13.0  32.0
2004 314.500   10572 B      0  150    0  100 0.656 310.2 302.0  19.0  32.0
2004 314.500   10573 A      0   72    0   50 0.690 101.4 226.0 -13.0 -44.0
2004 315.500   10570 BG     0  321    0  230 0.715 257.4 303.0 -14.0  46.0
2004 315.500   10572 B      0  112    0   90 0.782 301.3 302.0  19.0  45.0
2004 315.500   10573 A      0   50    0   30 0.543 101.1 224.0 -12.0 -33.0
2004 316.500   10570 BG     0  185    0  220 0.907 257.8 310.0 -14.0  66.0
2004 316.500   10572 A      0   36    0   40 0.890 295.7 302.0  19.0  58.0
2004 316.500   10573 B      0   37    0   20 0.347 105.5 224.0 -12.0 -20.0
2004 316.500   10574 B      0   27    0   40 0.939  89.5 174.0  -2.0 -70.0
2004 317.500   10570 BG     0   79    0  200 0.980 257.1 310.0 -14.0  80.0
2004 317.500   10572 A      0   20    0   40 0.968 291.8 302.0  19.0  72.0
2004 317.500   10573 B      0   19    0   10 0.134 130.2 224.0 -12.0  -6.0
2004 317.500   10574 BG     0  123    0  110 0.829  87.6 174.0  -2.0 -56.0
2004 317.500   10575 B      0   19    0   10 0.192 189.9 232.0 -18.0   2.0
2004 317.500   10576 B      0   31    0   20 0.624 249.9 268.0 -18.0  38.0
2004 317.500   10577 A      0   27    0   60 0.974  89.4 153.0  -1.0 -77.0
2004 318.500   10570 BG     0    0    0  120 1.000 255.7 310.0 -14.0  93.0
2004 318.500   10573 A      0   19    0   10 0.148 233.8 224.0 -12.0   7.0
2004 318.500   10574 BG     0  233    0  160 0.684  85.4 174.0  -2.0 -43.0
2004 318.500   10575 B      0   37    0   20 0.313 231.8 232.0 -18.0  15.0
2004 318.500   10576 B      0   50    0   40 0.775 252.5 268.0 -18.0  51.0
2004 318.500   10577 A      0   78    0   40 0.198  52.2 208.0   0.0  -9.0
2004 318.500   10578 A      0   23    0   60 0.980  73.1 141.0  15.0 -76.0
2004 319.500   10573 A      0   18    0   10 0.379 255.4 226.0 -12.0  22.0
2004 319.500   10574 BG     0  247    0  140 0.470  85.3 176.0  -4.0 -28.0
2004 319.500   10576 B      0   43    0   50 0.900 253.4 269.0 -18.0  65.0
2004 319.500   10577 A      0   85    0   70 0.790  85.8 152.0  -1.0 -52.0
2004 319.500   10578 B      0   71    0   80 0.894  69.3 144.0  15.0 -60.0
2004 320.500   10574 BG     0  232    0  120 0.246  78.6 177.0  -4.0 -14.0
2004 320.500   10576 B      0   13    0   30 0.976 264.4 269.0  -7.0  78.0
2004 320.500   10577 A      0  108    0   70 0.634  83.0 152.0  -1.0 -39.0
2004 320.500   10578 B      0  199    0  160 0.783  64.5 144.0  15.0 -47.0
2004 321.500   10574 BG     0  199    0  100 0.054  18.7 177.0  -4.0  -1.0
2004 321.500   10577 A      0   70    0   40 0.467  76.6 151.0   0.0 -27.0
2004 321.500   10578 B      0  274    0  180 0.646  56.8 144.0  15.0 -34.0
2004 322.500   10574 B      0  155    0   80 0.234 286.2 178.0  -3.0  13.0
2004 322.500   10577 A      0   77    0   40 0.254  62.4 152.0   0.0 -13.0
2004 322.500   10578 B      0  207    0  120 0.504  40.7 145.0  16.0 -20.0
2004 322.500   10579 A      0   26    0   20 0.738  98.6 117.0 -11.0 -48.0
2004 323.500   10574 BG     0  235    0  130 0.423 275.3 176.0  -4.0  25.0
2004 323.500   10577 B      0   99    0   50 0.121 351.7 152.0   0.0   1.0
2004 323.500   10578 BG     0  351    0  190 0.382  12.7 146.0  15.0  -5.0
2004 323.500   10579 B      0   16    0   10 0.573 102.9 116.0 -13.0 -35.0
2004 324.500   10574 B      0  199    0  130 0.642 271.9 178.0  -4.0  40.0
2004 324.500   10577 B      0  115    0   60 0.261 292.1 152.0  -1.0  14.0
2004 324.500   10578 B      0  350    0  190 0.389 342.4 145.0  15.0   7.0
2004 324.500   10580 A      0   19    0   10 0.121 268.3 145.0  -7.0   7.0
2004 324.500   10581 A      0   19    0   60 0.987  91.9  57.0  -3.0 -81.0
2004 325.500   10574 BG     0  173    0  140 0.786 270.2 177.0  -4.0  52.0
2004 325.500   10577 B      0   89    0   50 0.436 284.2 150.0   0.0  25.0
2004 325.500   10578 B      0  311    0  180 0.502 316.4 146.0  15.0  21.0
2004 325.500   10579 A      0    0    0    0 0.161 132.5 118.0 -13.0  -7.0
2004 325.500   10580 A      0   18    0   10 0.356 271.0 146.0  -6.0  21.0
2004 325.500   10581 A      0   82    0  100 0.912  90.2  59.0  -3.0 -66.0
2004 325.500   10582 B      0   89    0  170 0.965  71.3  53.0  16.0 -72.0
2004 326.500   10574 B      0   59    0   70 0.904 268.8 177.0  -4.0  65.0
2004 326.500   10577 B      0   93    0   60 0.623 278.6 150.0   0.0  38.0
2004 326.500   10578 BG     0  229    0  150 0.644 303.0 146.0  15.0  34.0
2004 326.500   10581 B      0  168    0  140 0.798  88.7  59.0  -3.0 -53.0
2004 326.500   10582 BG     0  229    0  250 0.888  68.1  53.0  16.0 -59.0
2004 327.500   10574 A      0    2    0   10 0.991 265.8 182.0  -5.0  83.0
2004 327.500   10577 A      0   23    0   20 0.809 272.4 153.0  -2.0  54.0
2004 327.500   10578 B      0   74    0   60 0.781 295.3 146.0  15.0  47.0
2004 327.500   10581 A      0  186    0  120 0.628  88.1  60.0  -4.0 -39.0
2004 327.500   10582 B      0  496    0  380 0.757  65.0  54.0  14.0 -45.0
2004 327.500   10583 B      0    7    0   10 0.922 280.5 165.0   7.0  66.0
2004 327.500   10584 B      0   55    0   30 0.368 108.6  78.0 -13.0 -21.0
2004 327.500   10585 B      0   64    0   50 0.763 104.0  49.0 -15.0 -50.0
2004 327.500   10586 B      0    3    0   10 0.980 252.9 179.0 -18.0  80.0
2004 328.500   10577 A      0   15    0   20 0.926 269.5 153.0  -3.0  68.0
2004 328.500   10578 A      0   19    0   20 0.868 290.3 142.0  14.0  57.0
2004 328.500   10581 A      0  255    0  140 0.410  82.5  61.0  -3.0 -24.0
2004 328.500   10582 B      0  624    0  390 0.599  53.8  55.0  15.0 -30.0
2004 328.500   10583 B      0   11    0   40 0.990 279.1 166.0   8.0  81.0
2004 328.500   10584 B      0   59    0   30 0.176 129.5  77.0 -13.0  -8.0
2004 328.500   10585 B      0   76    0   50 0.642 103.9  45.0 -14.0 -40.0
2004 328.500   10587 B      0   68    0  110 0.951 101.5  12.0 -13.0 -73.0
2004 329.500   10577 A      0    6    0   20 0.987 268.0 153.0  -3.0  81.0
2004 329.500   10578 B      0    6    0   10 0.947 286.2 141.0  13.0  69.0
2004 329.500   10581 A      0  313    0  160 0.195  77.2  61.0  -4.0 -11.0
2004 329.500   10582 BG     0  746    0  420 0.458  40.9  54.0  14.0 -18.0
2004 329.500   10584 B      0   19    0   10 0.123 204.6  75.0 -13.0   3.0
2004 329.500   10585 B      0   90    0   50 0.433 108.7  47.0 -14.0 -25.0
2004 329.500   10587 B      0   74    0   80 0.885 100.1   9.0 -12.0 -63.0
2004 330.500   10581 A      0  219    0  110 0.044 307.9  61.0  -5.0   2.0
2004 330.500   10582 BG     0  560    0  300 0.357  10.9  55.0  14.0  -4.0
2004 330.500   10585 A      0   19    0   10 0.250 126.6  47.0 -15.0 -12.0
2004 330.500   10587 B      0  155    0  120 0.762 101.5   9.0 -13.0 -50.0
2004 331.500   10581 A      0  193    0  100 0.259 274.9  61.0  -5.0  15.0
2004 331.500   10582 BG     0  462    0  250 0.380 336.5  55.0  14.0   9.0
2004 331.500   10585 B      0   19    0   10 0.149 186.5  47.0 -15.0   1.0
2004 331.500   10587 B      0  319    0  200 0.602 103.0   9.0 -13.0 -37.0
2004 4 1.500   10581 A      0  159    0   90 0.468 271.5  61.0  -5.0  28.0
2004 4 1.500   10582 BG     0  381    0  220 0.499 313.2  55.0  14.0  22.0
2004 4 1.500   10585 A      0    0    0    0 0.279 237.0  47.0 -15.0  14.0
2004 4 1.500   10587 B      0  309    0  170 0.415 107.3   9.0 -13.0 -24.0
2004 4 1.500   10588 A      0   34    0   60 0.957 100.6 319.0 -12.0 -74.0
2004 4 2.500   10581 A      0  151    0  100 0.654 269.7  61.0  -5.0  41.0
2004 4 2.500   10582 B      0  213    0  140 0.646 300.6  55.0  14.0  35.0
2004 4 2.500   10585 A      0   17    0   10 0.467 249.8  47.0 -15.0  27.0
2004 4 2.500   10587 B      0  312    0  160 0.220 122.2   9.0 -13.0 -11.0
2004 4 2.500   10588 A      0   54    0   60 0.893 100.2 316.0 -12.0 -64.0
2004 4 3.500   10581 A      0  115    0  100 0.816 268.3  61.0  -5.0  55.0
2004 4 3.500   10582 B      0  162    0  140 0.814 292.2  57.0  14.0  51.0
2004 4 3.500   10587 B      0  257    0  130 0.127 203.7   9.0 -13.0   3.0
2004 4 3.500   10588 B      0   88    0   70 0.773 100.4 316.0 -12.0 -51.0
2004 4 4.500   10581 A      0   68    0   90 0.925 268.2  61.0  -4.0  68.0
2004 4 4.500   10582 A      0   94    0  130 0.931 287.7  59.0  14.0  66.0
2004 4 4.500   10587 B      0  284    0  150 0.316 243.9  10.0 -14.0  17.0
2004 4 4.500   10588 B      0  182    0  120 0.648 107.4 313.0 -16.0 -40.0
2004 4 5.500   10581 A      0   10    0   40 0.992 266.8  63.0  -4.0  83.0
2004 4 5.500   10582 A      0   30    0  120 0.992 285.0  61.0  14.0  81.0
2004 4 5.500   10587 B      0  238    0  140 0.522 253.2  11.0 -14.0  31.0
2004 4 5.500   10588 BG     0  305    0  170 0.439 111.7 315.0 -15.0 -25.0
2004 4 5.500   10589 B      0   55    0   50 0.831  73.6 286.0  10.0 -54.0
2004 4 6.500   10582 A      0   15    0   60 0.992 283.4  63.0  14.0  96.0
2004 4 6.500   10587 B      0   99    0   70 0.705 257.7  12.0 -13.0  45.0
2004 4 6.500   10588 B      0  249    0  130 0.282 123.9 313.0 -15.0 -14.0
2004 4 6.500   10589 A      0   27    0   20 0.717  69.6 284.0  10.0 -43.0
2004 4 7.500   10587 B      0   31    0   30 0.852 258.5  13.0 -13.0  59.0
2004 4 7.500   10588 BG     0  294    0  150 0.190 175.0 313.0 -17.0  -1.0
2004 4 7.500   10589 A      0   16    0   10 0.552  59.5 285.0  11.0 -29.0
2004 4 7.500   10590 B      0   13    0   20 0.942 262.6  25.0  -9.0  71.0
2004 4 8.500   10587 A      0   12    0   20 0.946 258.3  12.0 -13.0  72.0
2004 4 8.500   10588 B      0  268    0  140 0.279 230.8 313.0 -16.0  13.0
2004 4 9.500   10588 B      0  213    0  120 0.455 248.4 313.0 -15.0  26.0
2004 410.500   10588 B      0  235    0  150 0.621 253.2 312.0 -15.0  38.0
2004 411.500   10588 B      0  103    0   90 0.817 255.7 316.0 -15.0  55.0
2004 412.500   10588 B      0   76    0  100 0.923 256.1 316.0 -15.0  68.0
2004 412.500   10591 B      0   78    0   40 0.162 174.0 247.0 -15.0  -1.0
2004 413.500   10588 A      0   22    0   60 0.982 257.8 315.0 -13.0  80.0
2004 413.500   10591 B      0   95    0   50 0.283 229.8 248.0 -16.0  13.0
2004 413.500   10592 A      0   20    0   20 0.853 100.6 176.0 -12.0 -59.0
2004 414.500   10588 A      0    0    0   40 1.000 256.9 313.0 -13.0  92.0
2004 414.500   10591 BGD    0  142    0   80 0.449 244.9 245.0 -16.0  25.0
2004 414.500   10592 A      0   41    0   30 0.718 101.4 174.0 -12.0 -46.0
2004 414.500   10593 A      0   28    0   20 0.697 113.1 177.0 -20.0 -43.0
2004 414.500   10594 A      0   38    0   60 0.948  72.1 151.0  15.0 -69.0
2004 415.500   10591 BGD    0  140    0   90 0.625 251.1 245.0 -16.0  38.0
2004 415.500   10592 A      0   50    0   30 0.548 103.6 174.0 -12.0 -33.0
2004 415.500   10593 A      0    0    0    0 0.538 119.2 177.0 -20.0 -30.0
2004 415.500   10594 A      0   61    0   60 0.858  68.9 151.0  15.0 -56.0
2004 416.500   10591 B      0   86    0   70 0.788 253.9 246.0 -16.0  52.0
2004 416.500   10592 A      0   37    0   20 0.336 107.8 175.0 -11.0 -19.0
2004 416.500   10594 A      0   99    0   70 0.702  62.2 154.0  15.0 -40.0
2004 416.500   10595 B      0   30    0   40 0.924  97.5 126.0  -9.0 -68.0
2004 417.500   10591 B      0   51    0   60 0.903 254.8 246.0 -16.0  65.0
2004 417.500   10592 A      0   19    0   10 0.143 134.2 175.0 -11.0  -6.0
2004 417.500   10594 A      0   83    0   50 0.553  52.4 154.0  15.0 -27.0
2004 417.500   10595 B      0   11    0   10 0.816  97.3 126.0  -9.0 -55.0
2004 418.500   10591 B      0   20    0   50 0.978 253.7 247.0 -17.0  79.0
2004 418.500   10592 A      0   19    0   10 0.161 238.4 176.0 -10.0   8.0
2004 418.500   10593 B      0   76    0   40 0.287 219.2 179.0 -18.0  11.0
2004 418.500   10594 B      0   36    0   20 0.415  34.3 154.0  15.0 -14.0
2004 418.500   10595 B      0   46    0   30 0.640  96.2 128.0  -8.0 -40.0
2004 418.500   10596 B      0  161    0  160 0.863  96.2 108.0  -8.0 -60.0
2004 419.500   10592 A      0   18    0   10 0.364 255.6 175.0 -10.0  21.0
2004 419.500   10593 B      0   89    0   50 0.450 239.3 178.0 -18.0  24.0
2004 419.500   10594 A      0   18    0   10 0.344   0.0 154.0  15.0   0.0
2004 419.500   10595 B      0  142    0   80 0.453  95.4 127.0  -7.0 -27.0
2004 419.500   10596 B      0  418    0  290 0.692  97.7 110.0  -9.0 -44.0
2004 420.500   10593 B      0   93    0   60 0.625 245.6 178.0 -19.0  37.0
2004 420.500   10594 A      0   36    0   20 0.404 327.5 154.0  15.0  13.0
2004 420.500   10595 B      0  136    0   70 0.226  99.3 128.0  -7.0 -13.0
2004 420.500   10596 B      0  582    0  340 0.515  99.1 110.0  -9.0 -31.0
2004 420.500   10597 B      0   70    0   70 0.863 266.0 201.0  -6.0  60.0
2004 421.500   10593 B      0   37    0   30 0.782 250.9 179.0 -18.0  51.0
2004 421.500   10595 B      0   99    0   50 0.018 180.0 128.0  -6.0   0.0
2004 421.500   10596 BG     0  642    0  340 0.326  97.1 109.0  -7.0 -19.0
2004 421.500   10597 B      0   31    0   50 0.949 265.3 200.0  -6.0  72.0
2004 421.500   10598 B      0   34    0   20 0.498 268.6 158.0  -5.0  30.0
2004 422.500   10593 B      0   17    0   20 0.898 251.2 179.0 -19.0  64.0
2004 422.500   10595 B      0   58    0   30 0.243 260.6 129.0  -7.0  14.0
2004 422.500   10596 BG     0  796    0  400 0.088 128.5 110.0  -8.0  -4.0
2004 422.500   10597 B      0   10    0   50 0.994 263.5 199.0  -7.0  84.0
2004 422.500   10598 B      0   28    0   20 0.705 265.0 160.0  -7.0  45.0
2004 423.500   10595 B      0   71    0   40 0.438 263.8 128.0  -7.0  26.0
2004 423.500   10596 BG     0  631    0  320 0.165 249.7 111.0  -8.0   9.0
2004 423.500   10597 B      0    0    0   90 1.000 261.9 193.0  -8.0  91.0
2004 424.500   10595 B      0   15    0   10 0.614 263.0 126.0  -8.0  38.0
2004 424.500   10596 B      0  447    0  240 0.363 257.1 109.0  -9.0  21.0
2004 424.500   10599 B      0  141    0  120 0.808  68.9  37.0  14.0 -51.0
2004 425.500   10596 B      0  372    0  230 0.587 262.7 111.0  -8.0  36.0
2004 425.500   10599 BG     0  280    0  170 0.567  52.8  47.0  16.0 -28.0
2004 426.500   10596 B      0  296    0  240 0.786 263.3 114.0  -8.0  52.0
2004 426.500   10599 BG     0  365    0  200 0.405  35.2  48.0  15.0 -14.0
2004 426.500   10600 B      0   55    0   30 0.395 345.4  68.0  18.0   6.0
2004 427.500   10596 B      0  134    0  170 0.918 263.2 116.0  -8.0  67.0
2004 427.500   10599 B      0  265    0  140 0.317   6.1  47.0  14.0  -2.0
2004 428.500   10596 B      0   79    0  200 0.980 262.7 115.0  -8.0  79.0
2004 428.500   10599 B      0  166    0   90 0.377 330.7  47.0  15.0  11.0
2004 429.500   10596 A      0    0    0  120 1.000 262.9 115.0  -7.0  92.0
2004 429.500   10599 B      0  134    0   80 0.540 308.7  49.0  16.0  26.0
2004 430.500   10599 B      0   69    0   50 0.715 298.7  50.0  17.0  41.0
2004 430.500   10601 B      0   37    0   20 0.350 255.1  29.0  -9.0  20.0
2004 430.500   10602 B      0   71    0   60 0.800 255.6  62.0 -14.0  53.0
2004 5 1.500   10599 B      0   32    0   30 0.841 293.1  50.0  17.0  54.0
2004 5 1.500   10601 B      0  149    0   90 0.561 259.8  30.0  -9.0  34.0
2004 5 1.500   10602 B      0   24    0   30 0.912 257.5  62.0 -13.0  66.0
2004 5 1.500   10603 B      0   31    0   20 0.616 250.6  33.0 -15.0  37.0
2004 5 2.500   10601 B      0  368    0  270 0.731 259.9  30.0 -10.0  47.0
2004 5 2.500   10603 B      0   88    0   70 0.772 252.4  33.0 -16.0  50.0
2004 5 3.500   10601 B      0  195    0  200 0.873 260.7  31.0 -10.0  61.0
2004 5 3.500   10603 B      0   36    0   40 0.891 254.0  33.0 -16.0  63.0
2004 5 3.500   10604 A      0   36    0   30 0.798 111.0 278.0 -19.0 -52.0
2004 5 4.500   10601 B      0   83    0  180 0.973 261.6  34.0  -9.0  77.0
2004 5 4.500   10603 B      0    4    0   10 0.976 254.4  35.0 -16.0  78.0
2004 5 4.500   10604 B      0   76    0   50 0.645 115.5 279.0 -19.0 -38.0
2004 5 4.500   10605 B      0   79    0   40 0.149 193.3 319.0 -12.0   2.0
2004 5 5.500   10601 B      0    0    0  150 1.000 261.1  32.0  -9.0  89.0
2004 5 5.500   10604 B      0   71    0   40 0.458 126.2 280.0 -19.0 -23.0
2004 5 5.500   10605 B      0  190    0  100 0.308 241.1 319.0 -12.0  16.0
2004 5 6.500   10604 B      0   56    0   30 0.315 148.6 279.0 -19.0 -10.0
2004 5 6.500   10605 B      0  120    0   70 0.510 254.2 319.0 -11.0  30.0
2004 5 7.500   10604 B      0   19    0   10 0.255 187.5 278.0 -18.0   2.0
2004 5 7.500   10605 A      0   70    0   50 0.712 256.4 321.0 -12.0  45.0
2004 5 7.500   10606 A      0   38    0  120 0.987  98.6 195.0  -9.0 -81.0
2004 5 8.500   10604 A      0   18    0   10 0.356 223.8 278.0 -18.0  15.0
2004 5 8.500   10605 B      0   63    0   60 0.848 257.9 321.0 -12.0  58.0
2004 5 8.500   10606 A      0  180    0  220 0.912  98.4 197.0  -9.0 -66.0
2004 5 9.500   10605 B      0   48    0   70 0.938 259.4 320.0 -11.0  70.0
2004 5 9.500   10606 A      0  192    0  160 0.798  97.7 197.0  -8.0 -53.0
2004 5 9.500   10607 B      0   19    0   10 0.137 180.0 250.0 -11.0   0.0
2004 5 9.500   10608 B      0   30    0   40 0.926  93.0 182.0  -4.0 -68.0
2004 510.500   10605 A      0   13    0   60 0.994 259.3 321.0 -11.0  84.0
2004 510.500   10606 B      0  213    0  140 0.645 100.4 197.0  -9.0 -40.0
2004 510.500   10608 B      0   74    0   60 0.787  92.7 185.0  -4.0 -52.0
2004 510.500   10609 A      0    0    0    0 0.890  91.8 174.0  -3.0 -63.0
2004 511.500   10606 A      0  407    0  230 0.465 106.1 196.0 -10.0 -27.0
2004 511.500   10608 B      0   78    0   50 0.615  94.4 185.0  -5.0 -38.0
2004 511.500   10609 B      0   26    0   20 0.742  92.8 175.0  -4.0 -48.0
2004 512.500   10606 A      0  367    0  190 0.255 119.7 197.0 -10.0 -13.0
2004 512.500   10608 B      0   53    0   30 0.454  93.3 183.0  -4.0 -27.0
2004 512.500   10609 B      0   60    0   40 0.655  92.9 169.0  -4.0 -41.0
2004 512.500   10610 B      0   37    0   20 0.326  88.0 191.0  -2.0 -19.0
2004 512.500   10611 B      0   38    0   20 0.286 235.7 224.0 -12.0  14.0
2004 513.500   10606 B      0  437    0  220 0.111 171.1 196.0  -9.0  -1.0
2004 513.500   10608 B      0   38    0   20 0.281 102.3 181.0  -6.0 -16.0
2004 513.500   10609 B      0  292    0  160 0.406  91.3 173.0  -3.0 -24.0
2004 513.500   10610 A      0   19    0   10 0.076  67.2 193.0  -1.0  -4.0
2004 513.500   10612 B      0   19    0   10 0.250  28.7 190.0  10.0  -7.0
2004 513.500   10613 A      0    7    0   30 0.992  97.7 114.0  -8.0 -83.0
2004 514.500   10606 B      0  425    0  220 0.257 239.5 197.0 -10.0  13.0
2004 514.500   10608 B      0   19    0   10 0.079 139.0 181.0  -6.0  -3.0
2004 514.500   10609 B      0  452    0  230 0.175  98.4 174.0  -4.0 -10.0
2004 514.500   10612 B      0   77    0   40 0.257 327.8 192.0  10.0   8.0
2004 514.500   10613 A      0   43    0   50 0.898  97.6 120.0  -8.0 -64.0
2004 515.500   10606 B      0  232    0  130 0.449 254.7 197.0  -9.0  26.0
2004 515.500   10608 B      0   19    0   10 0.232 254.3 184.0  -6.0  13.0
2004 515.500   10609 BG     0  996    0  500 0.088 263.7 176.0  -3.0   5.0
2004 515.500   10612 B      0  182    0  100 0.412 301.1 192.0  10.0  21.0
2004 515.500   10613 A      0   98    0   80 0.788  98.2 119.0  -8.0 -52.0
2004 516.500   10606 B      0  108    0   70 0.632 260.2 196.0  -8.0  39.0
2004 516.500   10608 A      0   17    0   10 0.439 265.7 183.0  -4.0  26.0
2004 516.500   10609 BG     0  775    0  410 0.325 267.6 176.0  -3.0  19.0
2004 516.500   10612 B      0  241    0  150 0.593 292.2 191.0  11.0  34.0
2004 516.500   10613 A      0  125    0   80 0.619 100.0 119.0  -8.0 -38.0
2004 516.500   10614 B      0   34    0   70 0.970 265.4 233.0  -5.0  76.0
2004 516.500   10615 A      0   48    0   60 0.913  70.2  93.0  17.0 -64.0
2004 516.500   10616 A      0    0    0    0 0.949  80.8  86.0   8.0 -71.0
2004 517.500   10606 B      0   72    0   60 0.799 261.7 197.0  -8.0  53.0
2004 517.500   10609 BG     0  548    0  320 0.515 267.9 175.0  -3.0  31.0
2004 517.500   10612 B      0  216    0  160 0.736 285.8 190.0  10.0  46.0
2004 517.500   10613 A      0  198    0  110 0.435 106.2 119.0  -9.0 -25.0
2004 517.500   10614 B      0    0    0   30 1.000 262.0 233.0  -8.0  89.0
2004 517.500   10615 A      0  154    0  130 0.805  68.2  93.0  16.0 -51.0
2004 517.500   10616 A      0   11    0   10 0.835  80.1  88.0   7.0 -56.0
2004 517.500   10617 B      0   58    0   30 0.253 132.4 133.0 -12.0 -11.0
2004 518.500   10606 B      0   62    0   80 0.920 260.0 198.0 -10.0  67.0
2004 518.500   10609 BG     0  375    0  270 0.719 267.9 177.0  -3.0  46.0
2004 518.500   10612 A      0  100    0  100 0.866 282.8 190.0  10.0  59.0
2004 518.500   10613 A      0  213    0  110 0.238 120.4 119.0  -9.0 -12.0
2004 518.500   10615 A      0  178    0  120 0.670  61.5  93.0  17.0 -38.0
2004 518.500   10617 B      0   59    0   30 0.169 203.9 135.0 -11.0   4.0
2004 519.500   10606 A      0   17    0   50 0.984 261.2 198.0  -9.0  80.0
2004 519.500   10609 B      0  211    0  200 0.848 266.5 176.0  -4.0  58.0
2004 519.500   10612 B      0   32    0   50 0.944 282.4 188.0  11.0  70.0
2004 519.500   10613 A      0  178    0   90 0.123 188.0 119.0  -9.0   1.0
2004 519.500   10615 A      0  153    0   90 0.521  54.0  92.0  16.0 -26.0
2004 519.500   10617 B      0   93    0   50 0.350 246.3 137.0 -10.0  19.0
2004 520.500   10606 B      0    0    0   60 1.000 260.0 194.0 -10.0  89.0
2004 520.500   10609 B      0  110    0  160 0.939 267.5 175.0  -3.0  70.0
2004 520.500   10612 B      0    2    0   10 0.989 280.4 186.0  10.0  81.0
2004 520.500   10613 A      0  231    0  120 0.270 242.4 119.0  -9.0  14.0
2004 520.500   10615 A      0  164    0   90 0.410  34.2  91.0  18.0 -14.0
2004 520.500   10617 B      0   84    0   50 0.542 254.4 137.0 -10.0  32.0
2004 520.500   10618 B      0   21    0   30 0.934 100.0  36.0 -10.0 -69.0
2004 521.500   10609 B      0    8    0   90 0.999 268.1 180.0  -2.0  88.0
2004 521.500   10613 B      0  175    0  100 0.481 254.4 120.0  -9.0  28.0
2004 521.500   10615 A      0  189    0  100 0.322 357.0  93.0  17.0   1.0
2004 521.500   10617 B      0   41    0   30 0.726 256.5 138.0 -11.0  46.0
2004 521.500   10618 B      0  170    0  150 0.823 102.2  37.0 -11.0 -55.0
2004 522.500   10613 A      0  177    0  120 0.675 258.4 120.0  -9.0  42.0
2004 522.500   10615 A      0  183    0  100 0.398 327.5  91.0  18.0  13.0
2004 522.500   10617 B      0   39    0   40 0.868 259.4 138.0 -10.0  60.0
2004 522.500   10618 BGD    0  463    0  310 0.664 103.3  37.0 -10.0 -41.0
2004 523.500   10613 A      0   91    0   80 0.821 260.1 120.0  -9.0  55.0
2004 523.500   10615 B      0  118    0   70 0.536 306.0  92.0  17.0  27.0
2004 523.500   10617 A      0    5    0   10 0.966 259.0 140.0 -11.0  75.0
2004 523.500   10618 BGD    0  587    0  330 0.457 109.2  39.0 -10.0 -26.0
2004 523.500   10619 B      0   31    0   20 0.610 257.2 102.0  -9.0  37.0
2004 523.500   10620 B      0   16    0   10 0.590 113.7  31.0 -15.0 -34.0
2004 524.500   10613 A      0   44    0   60 0.928 260.9 120.0  -9.0  68.0
2004 524.500   10615 A      0   86    0   60 0.689 296.8  92.0  17.0  40.0
2004 524.500   10618 BGD    0  790    0  410 0.268 124.1  39.0 -10.0 -13.0
2004 524.500   10619 B      0   38    0   30 0.770 259.5 102.0  -9.0  50.0
2004 524.500   10620 B      0   72    0   40 0.419 124.3  31.0 -15.0 -21.0
2004 525.500   10613 A      0   19    0   60 0.987 261.1 120.0  -9.0  81.0
2004 525.500   10615 A      0   56    0   50 0.822 291.8  92.0  17.0  53.0
2004 525.500   10618 BGD    0  751    0  380 0.151 180.0  39.0 -10.0   0.0
2004 525.500   10619 A      0   18    0   20 0.892 260.6 102.0  -9.0  63.0
2004 525.500   10620 B      0   19    0   10 0.273 150.5  31.0 -15.0  -8.0
2004 526.500   10613 A      0    7    0   60 0.998 260.9 120.0  -9.0  94.0
2004 526.500   10615 A      0   45    0   60 0.924 289.0  92.0  17.0  66.0
2004 526.500   10618 BGD    0  635    0  330 0.270 235.2  39.0 -10.0  13.0
2004 526.500   10619 A      0    4    0   10 0.970 261.0 102.0  -9.0  76.0
2004 526.500   10620 B      0   19    0   10 0.244 191.9  29.0 -15.0   3.0
2004 527.500   10615 A      0   22    0   70 0.987 287.4  92.0  17.0  80.0
2004 527.500   10618 BGD    0  581    0  330 0.474 250.6  39.0 -10.0  27.0
2004 528.500   10615 A      0    0    0   60 1.000 287.0  89.0  17.0  90.0
2004 528.500   10618 BG     0  440    0  310 0.703 256.7  43.0 -10.0  44.0
2004 529.500   10618 G      0  514    0  520 0.869 258.9  46.0 -10.0  60.0
2004 529.500   10621 B      0  101    0  110 0.888 105.4 284.0 -14.0 -62.0
2004 530.500   10618 BG     0  220    0  360 0.952 260.8  45.0  -9.0  72.0
2004 530.500   10621 B      0  170    0  140 0.792 108.5 282.0 -15.0 -51.0
2004 530.500   10622 A      0   48    0   80 0.952 102.4 261.0 -12.0 -72.0
2004 531.500   10618 B      0   68    0  290 0.993 260.0  43.0 -10.0  83.0
2004 531.500   10621 B      0  152    0  100 0.646 112.9 282.0 -15.0 -38.0
2004 531.500   10622 A      0   31    0   30 0.854 103.7 262.0 -12.0 -58.0
2004 6 1.500   10618 A      0    0    0   30 1.000 262.0  35.0  -8.0  89.0
2004 6 1.500   10621 B      0  122    0   70 0.487 123.5 281.0 -16.0 -25.0
2004 6 1.500   10622 B      0   40    0   30 0.732 106.1 260.0 -12.0 -46.0
2004 6 1.500   10623 B      0   36    0   20 0.409 288.4 329.0   7.0  23.0
2004 6 1.500   10624 A      0   26    0   30 0.901  99.8 242.0  -9.0 -64.0
2004 6 2.500   10621 BG     0  114    0   60 0.311 139.5 281.0 -14.0 -12.0
2004 6 2.500   10622 B      0   83    0   50 0.557 111.4 261.0 -12.0 -32.0
2004 6 2.500   10623 A      0   16    0   10 0.586 284.2 328.0   8.0  35.0
2004 6 2.500   10624 A      0   49    0   40 0.781 100.0 242.0  -8.0 -51.0
2004 6 3.500   10621 B      0  174    0   90 0.239 184.1 281.0 -14.0   1.0
2004 6 3.500   10622 A      0   18    0   10 0.371 114.4 260.0  -9.0 -20.0
2004 6 3.500   10624 B      0   31    0   20 0.623 101.0 242.0  -7.0 -38.0
2004 6 3.500   10625 A      0   21    0   20 0.837 255.8 336.0 -12.0  56.0
2004 6 4.500   10621 B      0   93    0   50 0.348 226.2 282.0 -14.0  15.0
2004 6 4.500   10624 A      0   18    0   10 0.426 108.9 243.0  -8.0 -24.0
2004 6 4.500   10625 A      0   14    0   20 0.936 257.2 336.0 -12.0  69.0
2004 6 5.500   10621 B      0   51    0   30 0.516 242.0 282.0 -14.0  28.0
2004 6 5.500   10624 A      0   19    0   10 0.235 126.5 243.0  -8.0 -11.0
2004 6 5.500   10626 B      0   39    0   20 0.135 309.7 260.0   5.0   6.0
2004 6 5.500   10627 A      0   34    0   20 0.514 105.8 224.0  -8.0 -30.0
2004 6 6.500   10621 B      0   29    0   20 0.682 249.0 282.0 -14.0  41.0
2004 6 6.500   10624 A      0   19    0   10 0.146 193.7 243.0  -8.0   2.0
2004 6 6.500   10626 A      0   18    0   10 0.335 284.6 260.0   5.0  19.0
2004 6 6.500   10627 B      0   37    0   20 0.322 116.1 224.0  -8.0 -17.0
2004 6 7.500   10621 B      0   10    0   10 0.850 253.3 283.0 -14.0  57.0
2004 6 7.500   10624 A      0    0    0    0 0.338 244.8 243.0  -8.0  18.0
2004 6 7.500   10627 B      0   98    0   50 0.160 154.4 222.0  -8.0  -4.0
2004 6 7.500   10628 B      0   19    0   10 0.274 125.9 213.0  -9.0 -13.0
2004 6 7.500   10629 B      0   18    0   10 0.381 101.2 204.0  -4.0 -22.0
2004 6 7.500   10630 A      0   10    0   10 0.838  74.6 170.0  13.0 -56.0
2004 6 8.500   10621 A      0   13    0   20 0.944 255.0 283.0 -14.0  70.0
2004 6 8.500   10627 B      0  117    0   60 0.213 226.7 222.0  -8.0   9.0
2004 6 8.500   10628 B      0   59    0   30 0.163 180.0 213.0  -9.0   0.0
2004 6 8.500   10629 A      0   19    0   10 0.174 116.1 204.0  -4.0  -9.0
2004 6 8.500   10630 A      0   14    0   10 0.700  71.7 170.0  13.0 -43.0
2004 6 9.500   10622 B      0   10    0   10 0.864 256.9 259.0 -11.0  59.0
2004 6 9.500   10627 B      0   54    0   30 0.405 246.0 222.0  -9.0  22.0
2004 6 9.500   10628 B      0   19    0   10 0.251 228.8 211.0  -9.0  11.0
2004 6 9.500   10629 B      0   39    0   20 0.094 213.6 203.0  -4.0   3.0
2004 6 9.500   10631 B      0   14    0   10 0.686 106.7 158.0 -11.0 -42.0
2004 610.500   10622 B      0   17    0   30 0.954 258.3 259.0 -11.0  72.0
2004 610.500   10629 B      0   38    0   20 0.307 251.5 204.0  -5.0  17.0
2004 610.500   10631 B      0   68    0   40 0.511 111.0 158.0 -10.0 -29.0
2004 610.500   10632 A      0   79    0  100 0.918 103.4 121.0 -12.0 -66.0
2004 611.500   10622 B      0    2    0   20 0.998 258.9 260.0 -11.0  86.0
2004 611.500   10631 B      0   56    0   30 0.316 126.1 159.0 -10.0 -15.0
2004 611.500   10632 A      0   94    0   80 0.809 104.2 121.0 -11.0 -53.0
2004 612.500   10631 B      0   39    0   20 0.192 169.7 158.0 -10.0  -2.0
2004 612.500   10632 A      0  107    0   70 0.637 108.5 122.0 -11.0 -38.0
2004 613.500   10631 B      0   38    0   20 0.256 221.9 157.0 -10.0  10.0
2004 613.500   10632 A      0  123    0   70 0.477 115.6 121.0 -11.0 -26.0
2004 613.500   10633 A      0   15    0   10 0.608  99.6 110.0  -5.0 -37.0
2004 613.500   10634 B      0   69    0  120 0.957  77.8  74.0  12.0 -73.0
2004 614.500   10631 A      0    0    0    0 0.438 236.4 156.0 -13.0  22.0
2004 614.500   10632 A      0  133    0   70 0.304 133.5 121.0 -11.0 -13.0
2004 614.500   10633 B      0   18    0   10 0.423 106.8 110.0  -6.0 -24.0
2004 614.500   10634 B      0  343    0  350 0.871  75.7  74.0  13.0 -60.0
2004 614.500   10635 B      0   87    0  130 0.942  98.9  64.0  -8.0 -70.0
2004 615.500   10631 B      0   15    0   10 0.635 252.6 159.0 -10.0  38.0
2004 615.500   10632 A      0  175    0   90 0.229 180.0 121.0 -12.0   0.0
2004 615.500   10634 BG     0  488    0  370 0.751  76.4  73.0  11.0 -48.0
2004 615.500   10635 BG     0  321    0  390 0.911 101.6  56.0 -10.0 -65.0
2004 616.500   10631 B      0   23    0   20 0.809 256.6 161.0 -10.0  53.0
2004 616.500   10632 A      0  113    0   60 0.330 225.8 122.0 -12.0  14.0
2004 616.500   10633 B      0   19    0   10 0.154 199.7 111.0  -7.0   3.0
2004 616.500   10634 BG     0  627    0  380 0.565  70.5  75.0  12.0 -33.0
2004 616.500   10635 BG     0  677    0  550 0.788 103.8  57.0 -10.0 -51.0
2004 617.500   10631 B      0   23    0   30 0.918 258.4 161.0 -10.0  66.0
2004 617.500   10632 A      0  121    0   70 0.500 242.6 122.0 -12.0  27.0
2004 617.500   10633 A      0    0    0    0 0.304 237.4 110.0  -8.0  15.0
2004 617.500   10634 BG     0  720    0  390 0.382  61.2  75.0  12.0 -20.0
2004 617.500   10635 BG     0  676    0  440 0.640 109.2  57.0 -11.0 -38.0
2004 618.500   10631 A      0    2    0   10 0.989 258.6 162.0 -11.0  81.0
2004 618.500   10632 A      0   89    0   60 0.669 250.0 121.0 -12.0  40.0
2004 618.500   10634 BG     0  819    0  420 0.217  33.4  74.0  12.0  -7.0
2004 618.500   10635 BGD    0  880    0  500 0.474 119.3  56.0 -12.0 -25.0
2004 619.500   10632 A      0   59    0   50 0.803 253.7 120.0 -12.0  52.0
2004 619.500   10634 BGD    0  705    0  360 0.198 334.5  73.0  12.0   5.0
2004 619.500   10635 BGD    0  912    0  480 0.312 139.3  56.0 -12.0 -12.0
2004 620.500   10632 A      0   48    0   60 0.914 256.0 120.0 -12.0  65.0
2004 620.500   10634 BGD    0  692    0  370 0.351 300.5  73.0  12.0  18.0
2004 620.500   10635 BGD    0 1164    0  600 0.240 184.1  56.0 -12.0   1.0
2004 620.500   10636 B      0   84    0   50 0.532 112.2  25.0 -10.0 -30.0
2004 621.500   10632 A      0   19    0   50 0.981 257.4 120.0 -12.0  78.0
2004 621.500   10634 BGD    0  540    0  320 0.535 289.6  73.0  12.0  31.0
2004 621.500   10635 BGD    0  960    0  510 0.337 224.6  56.0 -12.0  14.0
2004 621.500   10636 B      0   93    0   50 0.354 125.5  25.0 -10.0 -17.0
2004 621.500   10637 A      0    0    0    0 0.891  82.0 339.0   8.0 -63.0
2004 622.500   10632 A      0    0    0   30 1.000 258.0 120.0 -12.0  91.0
2004 622.500   10634 BGD    0  284    0  200 0.704 285.0  73.0  12.0  44.0
2004 622.500   10635 BGD    0  794    0  460 0.504 241.7  56.0 -12.0  27.0
2004 622.500   10636 B      0   19    0   10 0.220 161.8  25.0 -10.0  -4.0
2004 622.500   10637 B      0   12    0   10 0.767  81.3 339.0   8.0 -50.0
2004 623.500   10634 BD     0  153    0  150 0.859 282.7  73.0  12.0  59.0
2004 623.500   10635 BGD    0  696    0  470 0.672 249.4  56.0 -12.0  40.0
2004 623.500   10636 B      0   19    0   10 0.282 221.8  25.0 -10.0  11.0
2004 623.500   10637 B      0   15    0   10 0.606  79.6 337.0   8.0 -37.0
2004 624.500   10634 A      0   99    0  220 0.974 281.8  78.0  12.0  77.0
2004 624.500   10635 BGD    0  593    0  510 0.813 254.7  54.0 -11.0  53.0
2004 624.500   10636 B      0   17    0   10 0.452 242.4  25.0 -10.0  24.0
2004 624.500   10637 B      0   36    0   20 0.416  75.7 337.0   8.0 -24.0
2004 625.500   10634 A      0   10    0  120 0.999 281.9  76.0  12.0  88.0
2004 625.500   10635 BGD    0  300    0  400 0.927 257.1  55.0 -11.0  67.0
2004 625.500   10636 B      0   15    0   10 0.611 251.9  24.0  -9.0  36.0
2004 625.500   10637 B      0   58    0   30 0.213  62.5 337.0   8.0 -11.0
2004 626.500   10635 BG     0  115    0  360 0.987 258.4  55.0 -11.0  80.0
2004 626.500   10636 A      0    0    0    0 0.786 247.3  24.0 -16.0  49.0
2004 626.500   10637 B      0   39    0   20 0.124 335.4 338.0   9.0   3.0
2004 626.500   10638 A      0   18    0   10 0.381  77.6 313.0   7.0 -22.0
2004 627.500   10635 BG     0    0    0  210 1.000 260.0  52.0 -10.0  90.0
2004 627.500   10637 B      0   57    0   30 0.289 289.3 338.0   8.0  16.0
2004 627.500   10640 B      0   28    0   40 0.932 100.7 256.0  -9.0 -68.0
2004 628.500   10637 B      0   51    0   30 0.522 282.8 339.0   9.0  31.0
2004 628.500   10639 B      0   69    0   70 0.868  76.6 248.0  13.0 -60.0
2004 628.500   10640 B      0   43    0   40 0.836 100.2 252.0  -7.0 -56.0
2004 629.500   10637 B      0   42    0   30 0.708 278.5 340.0   8.0  45.0
2004 629.500   10639 B      0  206    0  150 0.726  74.8 249.0  13.0 -46.0
2004 629.500   10640 B      0   74    0   50 0.670 103.7 254.0  -7.0 -41.0
2004 630.500   10637 A      0    0    0    0 0.847 277.6 340.0   8.0  58.0
2004 630.500   10639 B      0  170    0  100 0.521  77.5 251.0   9.0 -31.0
2004 630.500   10640 B      0   34    0   20 0.500 111.6 254.0  -8.0 -28.0
2004 7 1.500   10639 B      0   93    0   50 0.344  68.9 250.0  10.0 -19.0
2004 7 1.500   10640 B      0  113    0   60 0.329 129.0 254.0  -9.0 -15.0
2004 7 2.500   10639 B      0  178    0   90 0.145  45.4 250.0   9.0  -6.0
2004 7 2.500   10640 B      0   39    0   20 0.214 170.7 254.0  -9.0  -2.0
2004 7 3.500   10639 A      0  117    0   60 0.191 295.8 253.0   8.0  10.0
2004 7 3.500   10640 B      0   57    0   30 0.307 226.4 256.0  -9.0  13.0
2004 7 4.500   10639 B      0   74    0   40 0.353 286.7 248.0   9.0  20.0
2004 7 4.500   10640 B      0   17    0   10 0.474 241.5 253.0 -10.0  25.0
2004 7 5.500   10639 B      0   32    0   20 0.575 278.9 250.0   8.0  35.0
2004 7 5.500   10640 A      0   45    0   30 0.650 253.4 254.0  -8.0  39.0
2004 7 6.500   10639 B      0   12    0   10 0.776 278.7 253.0   9.0  51.0
2004 7 6.500   10640 A      0   11    0   10 0.828 259.0 257.0  -7.0  55.0
2004 7 6.500   10641 A      0   17    0   10 0.456  63.5 177.0  15.0 -25.0
2004 7 7.500   10639 B      0   17    0   20 0.897 279.3 249.0  10.0  64.0
2004 7 7.500   10642 B      0   26    0   30 0.898 100.8 126.0  -8.0 -63.0
2004 7 8.500   10642 B      0   61    0   50 0.788 101.9 125.0  -7.0 -51.0
2004 7 9.500   10642 B      0  106    0   70 0.648 105.6 124.0  -7.0 -39.0
2004 7 9.500   10643 B      0   38    0   20 0.239 210.4 169.0  -8.0   7.0
2004 710.500   10642 B      0  158    0   90 0.472 112.9 123.0  -7.0 -26.0
2004 710.500   10643 B      0   36    0   20 0.431 239.3 171.0  -9.0  22.0
2004 710.500   10644 A      0   73    0  100 0.931  79.7  80.0  11.0 -69.0
2004 710.500   10645 B      0   38    0   20 0.233 306.9 160.0  12.0  11.0
2004 711.500   10642 B      0  249    0  130 0.281 132.8 124.0  -7.0 -12.0
2004 711.500   10643 B      0   15    0   10 0.627 251.8 173.0  -8.0  37.0
2004 711.500   10644 A      0  148    0  140 0.847  78.4  78.0  12.0 -58.0
2004 711.500   10645 B      0   37    0   20 0.327 292.1 154.0  11.0  18.0
2004 711.500   10646 B      0   16    0   10 0.556 287.3 169.0  13.0  33.0
2004 711.500   10647 A      0    9    0   10 0.892 108.0  75.0 -14.0 -61.0
2004 712.500   10642 B      0  255    0  130 0.195 185.1 124.0  -7.0   1.0
2004 712.500   10644 B      0  157    0  110 0.696  78.5  79.0  11.0 -44.0
2004 712.500   10645 B      0   16    0   10 0.536 283.9 155.0  11.0  32.0
2004 712.500   10646 B      0   97    0   70 0.721 282.6 169.0  12.0  46.0
2004 712.500   10648 B      0   58    0   30 0.218 321.7 131.0  14.0   8.0
2004 712.500   10649 B      0   40    0   90 0.974 101.3  47.0 -10.0 -76.0
2004 713.500   10642 B      0  282    0  150 0.335 234.8 126.0  -7.0  16.0
2004 713.500   10644 B      0  206    0  120 0.507  75.6  80.0  11.0 -30.0
2004 713.500   10646 B      0  221    0  220 0.864 282.5 170.0  13.0  60.0
2004 713.500   10648 B      0  127    0   70 0.416 300.0 132.0  16.0  22.0
2004 713.500   10649 B      0  341    0  410 0.909 103.1  46.0 -10.0 -64.0
2004 714.500   10642 B      0  172    0  100 0.508 246.1 125.0  -8.0  28.0
2004 714.500   10644 B      0  247    0  130 0.310  67.6  80.0  11.0 -17.0
2004 714.500   10646 B      0  120    0  190 0.948 281.2 169.0  12.0  72.0
2004 714.500   10648 B      0   48    0   30 0.592 291.2 132.0  16.0  35.0
2004 714.500   10649 BGD    0  416    0  360 0.816 105.5  44.0 -10.0 -53.0
2004 714.500   10650 A      0   16    0   10 0.549 111.8  66.0  -8.0 -31.0
2004 714.500   10651 B      0   13    0   10 0.744 116.2  53.0 -16.0 -44.0
2004 715.500   10642 B      0  159    0  110 0.691 253.5 125.0  -8.0  42.0
2004 715.500   10644 B      0  237    0  120 0.147  27.6  79.0  12.0  -4.0
2004 715.500   10646 B      0    2    0   10 0.993 283.6 167.0  14.0  84.0
2004 715.500   10648 B      0   12    0   10 0.780 285.7 134.0  15.0  51.0
2004 715.500   10649 BGD    0  531    0  360 0.674 110.2  43.0 -10.0 -40.0
2004 715.500   10650 A      0   18    0   10 0.373 124.8  65.0  -8.0 -18.0
2004 715.500   10651 B      0   16    0   10 0.577 126.2  54.0 -16.0 -29.0
2004 716.500   10642 B      0   76    0   70 0.839 258.6 126.0  -7.0  56.0
2004 716.500   10644 A      0  314    0  160 0.189 321.0  77.0  13.0   7.0
2004 716.500   10649 BGD    0  920    0  530 0.496 119.5  44.0 -10.0 -26.0
2004 716.500   10650 B      0   19    0   10 0.257 147.6  62.0  -8.0  -8.0
2004 716.500   10651 B      0   18    0   10 0.420 146.4  56.0 -16.0 -14.0
2004 716.500   10652 A      0   65    0  300 0.994  85.5 346.0   5.0 -84.0
2004 717.500   10642 A      0   41    0   60 0.939 260.8 126.0  -7.0  69.0
2004 717.500   10644 B      0  279    0  150 0.365 294.1  77.0  13.0  20.0
2004 717.500   10649 BGD    0  942    0  500 0.335 138.6  44.0 -10.0 -13.0
2004 717.500   10651 B      0   18    0   10 0.354 177.3  56.0 -16.0  -1.0
2004 717.500   10652 B      0  494    0  750 0.944  86.3 346.0   5.0 -71.0
2004 717.500   10653 B      0   59    0  100 0.955 106.2 346.0 -14.0 -71.0
2004 718.500   10642 A      0   22    0   90 0.992 262.3 126.0  -7.0  82.0
2004 718.500   10644 B      0  183    0  110 0.553 286.4  77.0  13.0  33.0
2004 718.500   10649 BGD    0  986    0  510 0.255 180.0  44.0 -10.0   0.0
2004 718.500   10650 B      0   18    0   10 0.382 221.5  59.0 -12.0  15.0
2004 718.500   10651 B      0   18    0   10 0.391 205.3  54.0 -16.0  10.0
2004 718.500   10652 BGD    0 1460    0 1370 0.846  87.1 346.0   5.0 -58.0
2004 718.500   10653 B      0  197    0  200 0.870 109.0 346.0 -14.0 -58.0
2004 719.500   10644 B      0  208    0  150 0.720 283.4  77.0  13.0  46.0
2004 719.500   10649 BGD    0  696    0  370 0.337 221.0  44.0 -10.0  13.0
2004 719.500   10651 B      0   17    0   10 0.513 227.0  54.0 -16.0  23.0
2004 719.500   10652 BGD    0 2163    0 1525 0.705  87.8 346.0   5.0 -45.0
2004 719.500   10653 B      0  357    0  270 0.749 113.6 346.0 -14.0 -45.0
2004 720.500   10644 A      0   97    0  100 0.872 282.1  78.0  13.0  61.0
2004 720.500   10649 BGD    0  395    0  230 0.512 240.9  44.0 -10.0  27.0
2004 720.500   10651 B      0    0    0    0 0.671 239.5  54.0 -16.0  37.0
2004 720.500   10652 BGD    0 2828    0 1670 0.532  79.1 345.0  10.0 -32.0
2004 720.500   10653 B      0  303    0  190 0.601 121.3 346.0 -14.0 -32.0
2004 721.500   10644 A      0   54    0   90 0.953 281.0  77.0  12.0  73.0
2004 721.500   10649 BG     0  289    0  200 0.689 249.8  45.0 -10.0  41.0
2004 721.500   10651 B      0   12    0   10 0.787 245.1  52.0 -16.0  48.0
2004 721.500   10652 BGD    0 3798    0 2010 0.327  80.1 345.0   8.0 -19.0
2004 721.500   10653 B      0  197    0  110 0.441 130.7 344.0 -12.0 -20.0
2004 722.500   10644 A      0    5    0   60 0.999 280.8  79.0  11.0  88.0
2004 722.500   10649 BG     0  158    0  150 0.848 253.6  47.0 -11.0  56.0
2004 722.500   10652 BGD    0 3437    0 1730 0.115  64.0 345.0   8.0  -6.0
2004 722.500   10653 B      0  247    0  130 0.306 163.8 346.0 -12.0  -5.0
2004 723.500   10649 B      0   60    0  120 0.968 257.2  52.0 -11.0  74.0
2004 723.500   10652 BGD    0 3620    0 1840 0.179 286.2 348.0   8.0  10.0
2004 723.500   10653 B      0  168    0   90 0.347 206.1 347.0 -13.0   9.0
2004 724.500   10649 A      0    5    0   60 0.999 258.8  52.0 -11.0  87.0
2004 724.500   10652 BGD    0 3005    0 1610 0.359 278.5 346.0   8.0  21.0
2004 724.500   10653 B      0  104    0   60 0.492 234.0 349.0 -12.0  24.0
2004 725.500   10652 BGD    0 2200    0 1340 0.571 276.3 347.0   8.0  35.0
2004 725.500   10653 B      0  106    0   70 0.652 244.5 349.0 -12.0  37.0
2004 725.500   10654 B      0   37    0   30 0.785  84.0 260.0   8.0 -52.0
2004 726.500   10652 BGD    0 1453    0 1060 0.728 275.9 345.0   8.0  47.0
2004 726.500   10653 B      0   97    0   80 0.795 250.4 348.0 -12.0  50.0
2004 726.500   10654 B      0  142    0   90 0.613  85.6 260.0   7.0 -38.0
2004 727.500   10652 BG     0  883    0  930 0.880 275.0 347.0   7.0  62.0
2004 727.500   10653 B      0   53    0   70 0.923 252.3 350.0 -14.0  65.0
2004 727.500   10654 B      0  235    0  130 0.421  85.3 260.0   7.0 -25.0
2004 728.500   10652 BG     0  416    0  830 0.968 276.8 348.0   8.0  76.0
2004 728.500   10653 B      0    8    0   20 0.977 256.4 348.0 -12.0  76.0
2004 728.500   10654 B      0  215    0  110 0.194  77.1 261.0   8.0 -11.0
2004 729.500   10652 BG     0    0    0  280 1.000 277.9 348.0   8.0  89.0
2004 729.500   10654 B      0  239    0  120 0.053 319.4 261.0   8.0   2.0
2004 730.500   10654 BG     0  231    0  120 0.260 279.4 261.0   8.0  15.0
2004 730.500   10655 A      0   66    0  110 0.953 101.4 175.0  -9.0 -71.0
2004 731.500   10654 BG     0  176    0  100 0.468 276.1 260.0   8.0  28.0
2004 731.500   10655 B      0  176    0  170 0.855 104.2 175.0  -9.0 -57.0
2004 8 1.500   10654 B      0  121    0   80 0.653 275.4 260.0   8.0  41.0
2004 8 1.500   10655 B      0  248    0  180 0.723 108.4 175.0  -9.0 -44.0
2004 8 2.500   10654 B      0  113    0  100 0.825 275.6 262.0   8.0  56.0
2004 8 2.500   10655 B      0  274    0  170 0.590 114.2 173.0  -9.0 -33.0
2004 8 3.500   10654 B      0   39    0   60 0.943 275.3 264.0   7.0  71.0
2004 8 3.500   10655 BG     0  371    0  200 0.373 133.2 177.0  -9.0 -16.0
2004 8 4.500   10654 B      0    4    0   30 0.997 276.6 265.0   7.0  86.0
2004 8 4.500   10655 B      0  366    0  190 0.266 168.8 176.0  -9.0  -3.0
2004 8 5.500   10655 B      0  324    0  170 0.303 210.7 174.0  -9.0   9.0
2004 8 6.500   10655 B      0  279    0  160 0.488 238.8 177.0  -9.0  25.0
2004 8 6.500   10656 A      0   26    0   40 0.945 105.0  83.0 -12.0 -69.0
2004 8 6.500   10657 A      0   24    0   80 0.988  80.8  74.0  10.0 -82.0
2004 8 7.500   10655 B      0  345    0  230 0.659 247.0 177.0 -10.0  38.0
2004 8 7.500   10656 B      0  243    0  250 0.873 108.7  81.0 -13.0 -58.0
2004 8 7.500   10657 A      0   52    0   60 0.901  80.8  74.0  11.0 -65.0
2004 8 7.500   10658 A      0   24    0   20 0.781 102.9  89.0  -6.0 -50.0
2004 8 8.500   10655 B      0  166    0  150 0.831 253.5 178.0 -10.0  54.0
2004 8 8.500   10656 BG     0  385    0  290 0.747 112.3  81.0 -12.0 -45.0
2004 8 8.500   10657 A      0   50    0   40 0.772  81.0  75.0  11.0 -51.0
2004 8 8.500   10658 A      0   15    0   10 0.637 105.8  88.0  -5.0 -38.0
2004 8 9.500   10655 B      0   93    0  140 0.942 258.1 182.0  -9.0  69.0
2004 8 9.500   10656 BGD    0 1068    0  660 0.587 120.8  82.0 -12.0 -31.0
2004 8 9.500   10657 A      0   63    0   40 0.613  80.3  75.0  11.0 -38.0
2004 810.500   10655 B      0   19    0  100 0.995 259.2 183.0 -10.0  83.0
2004 810.500   10656 BGD    0 1261    0  700 0.434 135.9  82.0 -12.0 -18.0
2004 810.500   10657 A      0   54    0   30 0.424  77.9  75.0  11.0 -25.0
2004 810.500   10659 B      0   31    0   30 0.853  74.0  41.0  17.0 -59.0
2004 811.500   10656 BGD    0 1863    0  990 0.338 171.3  83.0 -13.0  -3.0
2004 811.500   10657 A      0  117    0   60 0.214  72.9  74.0  10.0 -12.0
2004 811.500   10659 B      0   55    0   40 0.721  72.6  40.0  17.0 -46.0
2004 811.500   10660 B      0   17    0   20 0.895 102.3  24.0  -8.0 -62.0
2004 812.500   10656 BGD    0 2455    0 1320 0.367 204.5  82.0 -13.0   9.0
2004 812.500   10657 A      0   59    0   30 0.069 330.1  75.0  10.0   2.0
2004 812.500   10659 A      0   49    0   30 0.561  67.4  40.0  18.0 -33.0
2004 812.500   10660 B      0   64    0   50 0.764 105.0  25.0  -7.0 -48.0
2004 812.500   10661 A      0   18    0   80 0.993  82.7 349.0   8.0 -84.0
2004 813.500   10656 BGD    0 2369    0 1360 0.491 228.1  82.0 -13.0  22.0
2004 813.500   10657 A      0   57    0   30 0.262 283.8  75.0  10.0  15.0
2004 813.500   10659 B      0   18    0   10 0.384  57.9  40.0  18.0 -20.0
2004 813.500   10660 B      0   63    0   40 0.609 110.7  25.0  -7.0 -35.0
2004 813.500   10661 B      0  218    0  360 0.953  84.7 347.0   7.0 -73.0
2004 814.500   10656 BGD    0 1993    0 1300 0.642 240.5  82.0 -13.0  35.0
2004 814.500   10657 A      0   35    0   20 0.468 278.8  75.0  10.0  28.0
2004 814.500   10660 A      0   55    0   30 0.371 128.6  30.0  -7.0 -17.0
2004 814.500   10661 B      0  344    0  340 0.862  85.8 347.0   7.0 -60.0
2004 815.500   10656 BGD    0 1626    0 1310 0.784 247.5  82.0 -13.0  48.0
2004 815.500   10657 A      0   30    0   20 0.652 277.5  75.0  10.0  41.0
2004 815.500   10660 A      0   19    0   10 0.247 163.7  30.0  -7.0  -4.0
2004 815.500   10661 B      0  535    0  390 0.727  86.7 348.0   7.0 -47.0
2004 816.500   10656 BGD    0 1175    0 1330 0.897 251.9  82.0 -13.0  61.0
2004 816.500   10660 A      0   19    0   10 0.292 216.1  30.0  -7.0  10.0
2004 816.500   10661 BD     0  781    0  470 0.556  87.5 348.0   7.0 -34.0
2004 817.500   10656 BGD    0  351    0  930 0.982 254.3  84.0 -14.0  77.0
2004 817.500   10660 A      0   17    0   10 0.472 238.6  31.0  -8.0  24.0
2004 817.500   10661 BD     0  883    0  470 0.341  82.4 347.0   9.0 -20.0
2004 818.500   10656 B      0   16    0  190 0.999 257.2  85.0 -13.0  91.0
2004 818.500   10661 BG     0 1070    0  540 0.132  65.1 347.0  10.0  -7.0
2004 818.500   10662 B      0   35    0   20 0.471  77.3 326.0  12.0 -28.0
2004 819.500   10661 BG     0 1013    0  510 0.110 289.9 347.0   9.0   6.0
2004 819.500   10662 B      0   77    0   40 0.245  63.5 328.0  13.0 -13.0
2004 819.500   10663 A      0   59    0  110 0.963  83.6 266.0   8.0 -75.0
2004 820.500   10661 B      0  889    0  470 0.323 274.5 347.0   8.0  19.0
2004 820.500   10662 B      0  218    0  110 0.106   0.0 328.0  13.0   0.0
2004 820.500   10663 B      0  185    0  230 0.915  82.1 261.0  10.0 -67.0
2004 820.500   10664 B      0   43    0   30 0.690 113.9 288.0 -11.0 -40.0
2004 821.500   10661 B      0  756    0  450 0.541 272.1 348.0   7.0  33.0
2004 821.500   10662 B      0  213    0  110 0.244 296.3 328.0  13.0  13.0
2004 821.500   10663 B      0  249    0  200 0.782  81.5 263.0  11.0 -52.0
2004 821.500   10664 B      0  155    0   90 0.502 124.0 290.0 -10.0 -25.0
2004 822.500   10661 B      0  589    0  430 0.728 271.7 348.0   6.0  47.0
2004 822.500   10662 B      0   88    0   50 0.458 284.9 328.0  13.0  27.0
2004 822.500   10663 B      0  281    0  180 0.625  81.1 262.0  11.0 -39.0
2004 822.500   10664 B      0  186    0  100 0.355 144.7 289.0 -10.0 -12.0
2004 822.500   10665 B      0   19    0   10 0.263 259.4 316.0   4.0  15.0
2004 823.500   10661 B      0  415    0  410 0.862 274.0 348.0   7.0  60.0
2004 823.500   10662 A      0   15    0   10 0.654 283.3 329.0  14.0  41.0
2004 823.500   10663 BG     0  269    0  150 0.438  79.3 262.0  11.0 -26.0
2004 823.500   10664 B      0  227    0  120 0.314 189.4 291.0 -11.0   3.0
2004 823.500   10665 B      0   17    0   10 0.468 267.4 316.0   5.0  28.0
2004 824.500   10661 B      0  193    0  320 0.953 274.1 348.0   6.0  73.0
2004 824.500   10663 B      0  195    0  100 0.212  75.2 263.0  10.0 -12.0
2004 824.500   10664 B      0  255    0  140 0.408 221.6 291.0 -11.0  16.0
2004 825.500   10661 B      0   46    0  300 0.997 275.5 348.0   6.0  86.0
2004 825.500   10663 B      0  279    0  140 0.054 341.3 263.0  10.0   1.0
2004 825.500   10664 B      0  182    0  110 0.560 238.2 291.0 -11.0  29.0
2004 826.500   10663 B      0  232    0  120 0.244 282.8 263.0  10.0  14.0
2004 826.500   10664 B      0  168    0  120 0.714 246.9 291.0 -11.0  42.0
2004 827.500   10663 B      0  142    0   80 0.452 278.1 263.0  10.0  27.0
2004 827.500   10664 A      0   88    0   90 0.870 253.0 293.0 -11.0  58.0
2004 828.500   10663 B      0  121    0   80 0.651 277.0 263.0  10.0  41.0
2004 828.500   10664 A      0   47    0   90 0.965 256.5 295.0 -11.0  73.0
2004 829.500   10663 B      0   42    0   40 0.844 273.8 268.0   7.0  58.0
2004 829.500   10664 A      0    7    0   60 0.998 258.4 302.0 -11.0  85.0
2004 829.500   10666 A      0    0    0    0 0.524  71.0 178.0  16.0 -31.0
2004 830.500   10663 B      0   83    0  140 0.955 272.0 269.0   4.0  73.0
2004 830.500   10666 A      0    0    0    0 0.330  57.9 179.0  17.0 -17.0
2004 831.500   10663 A      0    4    0   50 0.999 272.7 271.0   3.0  88.0
2004 9 1.500   10667 A      0   78    0  180 0.976 100.9  93.0  -9.0 -76.0
2004 9 2.500   10666 A      0   18    0   10 0.395 294.1 177.0  16.0  22.0
2004 9 2.500   10667 A      0  217    0  250 0.900 104.8  93.0 -10.0 -62.0
2004 9 3.500   10667 A      0  313    0  250 0.779 110.5  94.0 -11.0 -48.0
2004 9 3.500   10668 B      0   31    0   20 0.622 242.0 176.0 -11.0  34.0
2004 9 4.500   10667 A      0  522    0  340 0.640 115.2  93.0 -10.0 -36.0
2004 9 4.500   10668 B      0   61    0   50 0.785 251.2 178.0 -10.0  49.0
2004 9 5.500   10667 A      0  436    0  250 0.489 128.3  93.0 -11.0 -23.0
2004 9 5.500   10668 B      0   40    0   50 0.915 254.6 179.0 -11.0  64.0
2004 9 5.500   10669 B      0   47    0   30 0.607 109.9  81.0  -6.0 -35.0
2004 9 5.500   10670 A      0   15    0   10 0.641 122.2  82.0 -14.0 -34.0
2004 9 6.500   10667 B      0  450    0  240 0.347 153.8  94.0 -11.0  -9.0
2004 9 6.500   10668 A      0   21    0   50 0.977 258.0 179.0 -10.0  76.0
2004 9 6.500   10669 B      0   91    0   50 0.402 126.5  84.0  -7.0 -19.0
2004 9 6.500   10670 A      0   17    0   10 0.465 136.9  84.0 -13.0 -19.0
2004 9 6.500   10671 B      0   66    0   40 0.554 239.5 132.0 -10.0  29.0
2004 9 7.500   10667 A      0  549    0  290 0.320 192.3  93.0 -11.0   4.0
2004 9 7.500   10668 A      0    0    0   10 1.000 261.1 179.0  -9.0  90.0
2004 9 7.500   10669 B      0  174    0   90 0.251 155.5  83.0  -6.0  -6.0
2004 9 7.500   10670 B      0   18    0   10 0.368 169.4  85.0 -14.0  -4.0
2004 9 7.500   10671 B      0  111    0   80 0.715 246.8 131.0 -11.0  42.0
2004 9 8.500   10667 A      0  471    0  260 0.421 223.0  93.0 -11.0  17.0
2004 9 8.500   10669 B      0  173    0   90 0.262 216.5  85.0  -5.0   9.0
2004 9 8.500   10670 A      0   18    0   10 0.380 198.1  83.0 -14.0   7.0
2004 9 8.500   10671 B      0  204    0  190 0.843 253.2 131.0 -10.0  55.0
2004 9 9.500   10667 A      0  400    0  250 0.598 240.5  95.0 -11.0  32.0
2004 9 9.500   10669 B      0  177    0  100 0.460 241.6  87.0  -6.0  24.0
2004 9 9.500   10671 B      0  207    0  300 0.938 257.6 131.0  -9.0  68.0
2004 9 9.500   10672 B      0  179    0  300 0.954  87.0 350.0   5.0 -73.0
2004 910.500   10667 A      0  332    0  250 0.747 248.3  95.0 -11.0  45.0
2004 910.500   10669 B      0   50    0  130 0.981 262.4  87.0  -6.0  78.0
2004 910.500   10671 B      0   99    0  370 0.991 259.8 131.0  -9.0  81.0
2004 910.500   10672 B      0  262    0  260 0.863  88.4 350.0   5.0 -60.0
2004 911.500   10667 B      0  176    0  180 0.871 253.0  95.0 -11.0  58.0
2004 911.500   10669 B      0   97    0   80 0.794 256.7  88.0  -6.0  51.0
2004 911.500   10671 A      0   30    0  170 0.996 261.5 131.0  -9.0  94.0
2004 911.500   10672 BG     0  369    0  270 0.729  89.9 350.0   5.0 -47.0
2004 912.500   10667 B      0  127    0  230 0.961 256.3  95.0 -11.0  72.0
2004 912.500   10669 A      0   61    0   80 0.922 260.3  89.0  -6.0  66.0
2004 912.500   10672 BG     0  436    0  260 0.543  92.0 350.0   5.0 -33.0
2004 913.500   10667 A      0   22    0  180 0.998 259.4  95.0 -10.0  85.0
2004 913.500   10669 A      0   17    0   60 0.989 264.9  91.0  -4.0  81.0
2004 913.500   10672 BG     0  500    0  270 0.377  97.1 348.0   4.0 -22.0
2004 914.500   10669 A      0   11    0   60 0.995 264.6  92.0  -6.0  95.0
2004 914.500   10672 BD     0  610    0  310 0.177 101.9 347.0   5.0 -10.0
2004 915.500   10672 BD     0  638    0  320 0.064 234.0 347.0   5.0   3.0
2004 915.500   10673 A      0   75    0  140 0.963 105.7 272.0 -13.0 -72.0
2004 916.500   10672 BD     0  439    0  230 0.293 263.7 348.0   5.0  17.0
2004 916.500   10673 BG     0  213    0  240 0.896 107.2 269.0 -12.0 -61.0
2004 917.500   10672 B      0  262    0  150 0.483 267.4 347.0   5.0  29.0
2004 917.500   10673 B      0  371    0  320 0.814 111.6 267.0 -13.0 -51.0
2004 918.500   10672 B      0  142    0  100 0.703 271.4 349.0   6.0  45.0
2004 918.500   10673 B      0  550    0  360 0.645 120.0 269.0 -13.0 -35.0
2004 919.500   10672 B      0   74    0   70 0.845 271.4 349.0   5.0  58.0
2004 919.500   10673 B      0  521    0  300 0.495 132.5 269.0 -13.0 -22.0
2004 920.500   10672 B      0   53    0   80 0.943 272.8 349.0   5.0  71.0
2004 920.500   10673 B      0  575    0  310 0.374 156.0 269.0 -13.0  -9.0
2004 920.500   10674 B      0   17    0   10 0.478 233.6 301.0 -10.0  23.0
2004 921.500   10672 A      0    7    0   50 0.997 273.5 351.0   4.0  86.0
2004 921.500   10673 B      0  543    0  290 0.349 191.2 269.0 -13.0   4.0
2004 922.500   10673 B      0  466    0  260 0.441 220.2 269.0 -13.0  17.0
2004 923.500   10673 B      0  384    0  240 0.598 237.1 269.0 -13.0  31.0
2004 924.500   10673 B      0  320    0  240 0.744 245.5 269.0 -13.0  44.0
2004 925.500   10673 A      0  250    0  250 0.866 250.6 269.0 -13.0  57.0
2004 925.500   10675 A      0   57    0  120 0.971 100.0 137.0  -8.0 -75.0
2004 926.500   10673 A      0   90    0  180 0.968 253.5 272.0 -14.0  73.0
2004 926.500   10675 A      0   82    0   90 0.888 102.7 138.0  -8.0 -61.0
2004 927.500   10673 A      0    0    0  200 1.000 254.9 274.0 -15.0  88.0
2004 927.500   10675 A      0  141    0  110 0.767 106.4 138.0  -8.0 -48.0
2004 928.500   10675 A      0  157    0  100 0.614 112.4 138.0  -8.0 -35.0
2004 928.500   10676 A      0   25    0   60 0.977 102.9  97.0 -11.0 -76.0
2004 929.500   10675 A      0  161    0   90 0.445 123.5 137.0  -8.0 -22.0
2004 929.500   10676 A      0   48    0   60 0.914 105.2  95.0 -11.0 -64.0
2004 930.500   10675 A      0  191    0  100 0.288 151.4 138.0  -8.0  -8.0
2004 930.500   10676 A      0   68    0   60 0.819 109.7  94.0 -12.0 -52.0
2004 930.500   10677 B      0   59    0   30 0.176 117.2 137.0   2.0  -9.0
200410 1.500   10675 A      0  172    0   90 0.288 201.0 139.0  -9.0   6.0
200410 1.500   10676 A      0   74    0   50 0.671 116.1  95.0 -12.0 -38.0
200410 1.500   10677 B      0   19    0   10 0.143 227.0 139.0   1.0   6.0
200410 2.500   10675 A      0  163    0   90 0.415 230.8 139.0  -9.0  19.0
200410 2.500   10676 A      0   68    0   40 0.516 126.7  95.0 -12.0 -25.0
200410 2.500   10677 A      0   18    0   10 0.365 258.6 141.0   2.0  21.0
200410 3.500   10675 A      0  112    0   70 0.593 245.1 140.0  -9.0  33.0
200410 3.500   10676 B      0   74    0   40 0.367 149.4  96.0 -12.0 -11.0
200410 3.500   10678 B      0   34    0   20 0.487 283.0 136.0  12.0  29.0
200410 4.500   10675 A      0   92    0   70 0.751 250.6 139.0 -10.0  46.0
200410 4.500   10676 B      0   95    0   50 0.302 186.5  95.0 -11.0   2.0
200410 4.500   10678 B      0   29    0   20 0.666 280.8 135.0  12.0  42.0
200410 5.500   10675 A      0   67    0   70 0.877 253.7 139.0 -11.0  59.0
200410 5.500   10676 B      0   73    0   40 0.402 219.0  95.0 -12.0  15.0
200410 5.500   10678 A      0   10    0   10 0.843 281.3 138.0  13.0  58.0
200410 6.500   10675 A      0   26    0   60 0.976 258.2 143.0 -10.0  76.0
200410 6.500   10676 B      0   49    0   30 0.558 235.1  95.0 -13.0  28.0
200410 6.500   10678 B      0   38    0   40 0.878 280.2 129.0  12.0  62.0
200410 7.500   10675 A      0    0    0   60 1.000 260.0 143.0 -10.0  89.0
200410 7.500   10676 A      0   28    0   20 0.708 244.6  95.0 -13.0  41.0
200410 7.500   10678 B      0   32    0   60 0.962 280.7 129.0  12.0  75.0
200410 8.500   10676 B      0   21    0   20 0.838 250.1  95.0 -13.0  54.0
200410 8.500   10680 B      0   23    0   80 0.989 284.3 124.0  15.0  83.0
200410 9.500   10676 A      0   14    0   20 0.935 253.6  95.0 -13.0  67.0
200410 9.500   10680 B      0    0    0   90 1.000 285.2 121.0  15.0  93.0
20041012.500   10681 B      0   19    0   10 0.186 304.8 357.0  12.0   9.0
20041013.500   10681 B      0   37    0   20 0.365 285.2 356.0  11.0  21.0
20041013.500   10682 B      0  136    0  170 0.916 107.0 271.0 -13.0 -64.0
20041014.500   10681 A      0   32    0   20 0.586 279.0 358.0  10.0  36.0
20041014.500   10682 B      0  293    0  245 0.800 111.0 272.0 -13.0 -50.0
20041015.500   10682 B      0  358    0  240 0.665 118.6 271.0 -14.0 -37.0
20041016.500   10681 A      0    9    0   10 0.879 278.3 357.0  10.0  62.0
20041016.500   10682 B      0  360    0  210 0.513 129.7 271.0 -14.0 -24.0
20041017.500   10682 B      0  278    0  150 0.374 153.2 272.0 -14.0 -10.0
20041017.500   10683 B      0   53    0   30 0.444 123.5 260.0  -9.0 -22.0
20041017.500   10684 A      0   24    0   30 0.911  97.0 217.0  -4.0 -65.0
20041018.500   10682 B      0  246    0  130 0.321 189.1 272.0 -13.0   3.0
20041018.500   10683 B      0   95    0   50 0.300 152.8 261.0 -10.0  -8.0
20041018.500   10684 A      0   23    0   20 0.809 100.3 216.0  -5.0 -53.0
20041018.500   10685 B      0   35    0   20 0.470 111.6 243.0  -5.0 -26.0
20041018.500   10686 A      0   13    0   10 0.759 122.4 226.0 -20.0 -43.0
20041019.500   10682 BG     0  215    0  120 0.444 225.6 275.0 -13.0  19.0
20041019.500   10683 B      0  114    0   60 0.295 196.9 261.0 -11.0   5.0
20041019.500   10684 B      0   59    0   40 0.669 102.1 215.0  -4.0 -41.0
20041019.500   10685 B      0   57    0   30 0.285 133.5 244.0  -6.0 -12.0
20041019.500   10686 A      0   15    0   10 0.639 130.7 225.0 -20.0 -31.0
20041019.500   10687 B      0   48    0  120 0.979  80.9 177.0  10.0 -79.0
20041020.500   10682 BG     0  237    0  150 0.610 240.5 275.0 -13.0  33.0
20041020.500   10683 B      0   54    0   30 0.411 227.6 260.0 -11.0  18.0
20041020.500   10684 A      0   52    0   30 0.483 110.5 215.0  -5.0 -27.0
20041020.500   10685 B      0   58    0   30 0.199 190.0 244.0  -6.0   2.0
20041020.500   10686 A      0   34    0   20 0.505 147.1 225.0 -20.0 -17.0
20041020.500   10687 BG     0  137    0  160 0.903  81.4 177.0  10.0 -65.0
20041020.500   10688 B      0   51    0   40 0.763 254.8 290.0  -8.0  48.0
20041021.500   10682 BG     0  182    0  140 0.757 247.8 275.0 -13.0  46.0
20041021.500   10683 B      0   65    0   40 0.572 242.2 260.0 -11.0  31.0
20041021.500   10684 A      0   19    0   10 0.298 126.0 215.0  -5.0 -14.0
20041021.500   10685 B      0   94    0   50 0.321 233.3 244.0  -6.0  15.0
20041021.500   10687 BG     0  260    0  210 0.785  81.4 177.0  10.0 -52.0
20041021.500   10688 B      0   37    0   40 0.885 258.1 290.0  -8.0  61.0
20041021.500   10689 A      0   34    0   60 0.958  79.0 155.0  12.0 -74.0
20041022.500   10682 BG     0  144    0  150 0.877 252.1 275.0 -13.0  59.0
20041022.500   10683 B      0   27    0   20 0.727 249.6 260.0 -11.0  44.0
20041022.500   10684 B      0  393    0  200 0.177 174.4 215.0  -5.0  -1.0
20041022.500   10685 B      0   86    0   50 0.502 248.6 244.0  -6.0  28.0
20041022.500   10687 BG     0  435    0  280 0.628  80.5 177.0  10.0 -39.0
20041022.500   10688 A      0   31    0   60 0.966 260.3 290.0  -8.0  74.0
20041022.500   10689 A      0   58    0   60 0.871  79.1 155.0  12.0 -61.0
20041022.500   10690 A      0   25    0   60 0.978  91.1 138.0   0.0 -78.0
20041023.500   10682 B      0   41    0   80 0.965 255.0 276.0 -13.0  73.0
20041023.500   10684 B      0  348    0  180 0.250 236.3 215.0  -3.0  12.0
20041023.500   10685 B      0   13    0   10 0.723 256.7 248.0  -6.0  45.0
20041023.500   10687 BG     0  475    0  270 0.475  76.2 175.0  11.0 -28.0
20041023.500   10688 A      0    1    0   20 0.999 261.8 290.0  -8.0  87.0
20041023.500   10689 A      0   53    0   40 0.742  78.4 155.0  12.0 -48.0
20041023.500   10690 A      0   56    0   70 0.914  92.3 137.0   0.0 -66.0
20041023.500   10691 A      0   36    0   50 0.930  74.8 134.0  16.0 -69.0
20041024.500   10682 B      0    2    0   30 0.999 257.7 276.0 -12.0  86.0
20041024.500   10684 B      0  263    0  150 0.476 252.1 217.0  -4.0  27.0
20041024.500   10685 A      0   21    0   20 0.840 258.4 246.0  -7.0  56.0
20041024.500   10687 BD     0  537    0  280 0.282  63.7 175.0  12.0 -15.0
20041024.500   10689 A      0   82    0   50 0.562  77.7 156.0  11.0 -34.0
20041024.500   10690 A      0   83    0   70 0.800  93.7 137.0   0.0 -53.0
20041024.500   10691 BGD    0  155    0  150 0.855  75.5 131.0  15.0 -59.0
20041024.500   10692 B      0  112    0   70 0.600 127.2 160.0 -17.0 -30.0
20041025.500   10684 B      0  153    0  100 0.642 257.8 216.0  -4.0  39.0
20041025.500   10687 BG     0  733    0  370 0.134  22.4 174.0  12.0  -3.0
20041025.500   10689 A      0  110    0   60 0.389  70.5 155.0  12.0 -22.0
20041025.500   10690 A      0  106    0   70 0.648  97.3 137.0  -1.0 -40.0
20041025.500   10691 BGD    0  199    0  150 0.746  74.2 129.0  15.0 -48.0
20041025.500   10692 B      0  194    0  110 0.466 145.8 161.0 -18.0 -16.0
20041026.500   10684 A      0  103    0   90 0.817 260.4 217.0  -5.0  54.0
20041026.500   10687 BG     0  642    0  330 0.226 304.2 174.0  12.0  11.0
20041026.500   10689 A      0   97    0   50 0.212  53.3 153.0  12.0 -10.0
20041026.500   10690 A      0  232    0  130 0.445  99.7 137.0   0.0 -26.0
20041026.500   10691 BGD    0  184    0  110 0.546  69.7 131.0  15.0 -32.0
20041026.500   10692 B      0  165    0   90 0.390 172.7 160.0 -18.0  -3.0
20041027.500   10684 A      0   62    0   90 0.937 263.9 219.0  -4.0  69.0
20041027.500   10687 BG     0  653    0  360 0.420 288.6 174.0  12.0  24.0
20041027.500   10689 A      0  118    0   60 0.137 338.1 153.0  12.0   3.0
20041027.500   10690 B      0  192    0  100 0.271 107.0 135.0   0.0 -15.0
20041027.500   10691 B      0  258    0  140 0.385  58.6 130.0  16.0 -20.0
20041027.500   10692 B      0  108    0   60 0.425 205.3 161.0 -18.0  11.0
20041027.500   10693 A      0   33    0   60 0.960 105.0  78.0 -13.0 -72.0
20041028.500   10684 A      0   28    0  120 0.993 264.4 220.0  -5.0  83.0
20041028.500   10687 BG     0  397    0  250 0.606 283.8 174.0  12.0  37.0
20041028.500   10689 A      0  113    0   60 0.315 294.8 154.0  12.0  17.0
20041028.500   10690 B      0  159    0   80 0.099 190.1 138.0  -1.0   1.0
20041028.500   10691 BG     0  274    0  140 0.193  20.4 133.0  15.0  -4.0
20041028.500   10692 A      0   65    0   40 0.573 229.0 164.0 -18.0  27.0
20041028.500   10693 BG     0  297    0  330 0.893 108.2  76.0 -14.0 -61.0
20041028.500   10694 B      0   36    0   20 0.414  60.6 115.0  16.0 -22.0
20041029.500   10684 A      0    9    0   60 0.997 266.3 218.0  -4.0  94.0
20041029.500   10687 BG     0  205    0  160 0.766 281.9 174.0  12.0  50.0
20041029.500   10689 A      0   86    0   50 0.509 286.1 154.0  12.0  30.0
20041029.500   10690 A      0  135    0   70 0.254 252.5 138.0   0.0  14.0
20041029.500   10691 B      0  231    0  120 0.265 304.3 137.0  13.0  13.0
20041029.500   10692 A      0   27    0   20 0.733 240.3 166.0 -18.0  42.0
20041029.500   10693 BG     0  771    0  590 0.757 112.8  78.0 -14.0 -46.0
20041029.500   10694 B      0   19    0   10 0.246  28.2 117.0  17.0  -7.0
20041030.500   10687 A      0   74    0   90 0.911 281.2 177.0  12.0  66.0
20041030.500   10689 A      0   29    0   20 0.684 282.9 154.0  12.0  43.0
20041030.500   10690 B      0   71    0   40 0.457 263.6 138.0   1.0  27.0
20041030.500   10691 BG     0  358    0  200 0.445 293.0 136.0  14.0  25.0
20041030.500   10692 A      0    0    0    0 0.849 244.4 165.0 -19.0  54.0
20041030.500   10693 BG     0  819    0  530 0.634 122.0  77.0 -16.0 -34.0
20041030.500   10694 B      0   39    0   20 0.210 331.3 117.0  15.0   6.0
20041030.500   10695 B      0   68    0  100 0.940 107.7  43.0 -15.0 -68.0
20041031.500   10687 B      0   22    0   60 0.983 281.4 177.0  12.0  80.0
20041031.500   10689 A      0   43    0   40 0.837 280.3 154.0  11.0  57.0
20041031.500   10690 B      0   59    0   40 0.662 262.1 138.0  -2.0  41.0
20041031.500   10691 BG     0  398    0  270 0.674 284.6 139.0  13.0  42.0
20041031.500   10693 BG     0 1319    0  760 0.496 133.5  75.0 -16.0 -22.0
20041031.500   10694 A      0   18    0   10 0.318 302.6 113.0  14.0  16.0
20041031.500   10695 B      0  138    0  130 0.846 110.7  42.0 -15.0 -55.0
200411 1.500   10687 B      0    0    0   30 1.000 281.1 176.0  11.0  92.0
200411 1.500   10689 A      0   13    0   20 0.943 280.2 155.0  11.0  71.0
200411 1.500   10690 B      0   70    0   60 0.812 264.5 138.0  -2.0  54.0
200411 1.500   10691 B      0  160    0  140 0.819 282.9 139.0  13.0  55.0
200411 1.500   10693 BG     0 1449    0  780 0.370 158.8  76.0 -16.0  -8.0
200411 1.500   10695 B      0  102    0   70 0.684 117.2  45.0 -15.0 -39.0
200411 1.500   10696 B      0   54    0   60 0.889  82.0  21.0   9.0 -63.0
200411 2.500   10689 A      0    0    0    0 0.986 279.5 152.0  10.0  81.0
200411 2.500   10690 A      0    7    0   10 0.921 267.2 138.0  -1.0  67.0
200411 2.500   10691 BG     0  134    0  170 0.918 281.3 138.0  12.0  67.0
200411 2.500   10693 BG     0 1363    0  720 0.322 195.2  76.0 -14.0   5.0
200411 2.500   10695 B      0  102    0   60 0.519 121.3  44.0 -12.0 -27.0
200411 2.500   10696 B      0  150    0  110 0.730  82.9  24.0   8.0 -47.0
200411 3.500   10690 A      0    9    0   30 0.988 268.4 139.0  -1.0  81.0
200411 3.500   10691 BG     0   66    0  200 0.986 282.5 139.0  13.0  81.0
200411 3.500   10693 BGD    0 1239    0  690 0.439 222.8  76.0 -15.0  18.0
200411 3.500   10695 B      0   92    0   50 0.368 146.7  46.0 -14.0 -12.0
200411 3.500   10696 BG     0  457    0  270 0.532  79.4  26.0   9.0 -32.0
200411 4.500   10691 B      0    8    0   90 0.999 283.3 139.0  13.0  94.0
200411 4.500   10693 BGD    0  970    0  600 0.588 237.7  76.0 -15.0  31.0
200411 4.500   10695 B      0   57    0   30 0.308 176.8  45.0 -14.0  -1.0
200411 4.500   10696 BGD    0 1092    0  580 0.335  73.9  26.0   9.0 -19.0
200411 5.500   10693 BG     0  729    0  540 0.737 245.6  76.0 -15.0  44.0
200411 5.500   10695 B      0   74    0   40 0.374 215.7  45.0 -14.0  13.0
200411 5.500   10696 BGD    0 1624    0  820 0.138  48.5  26.0   9.0  -6.0
200411 6.500   10693 BG     0  417    0  410 0.861 250.2  75.0 -15.0  57.0
200411 6.500   10695 B      0   33    0   20 0.531 236.0  45.0 -14.0  27.0
200411 6.500   10696 BGD    0 1794    0  910 0.166 304.3  26.0   9.0   8.0
200411 6.500   10697 A      0   12    0   10 0.786 273.5  70.0   5.0  52.0
200411 6.500   10698 B      0   28    0   20 0.695 251.5  60.0 -10.0  42.0
200411 7.500   10693 BG     0  146    0  250 0.956 251.0  76.0 -17.0  71.0
200411 7.500   10695 B      0   14    0   10 0.696 242.6  45.0 -16.0  40.0
200411 7.500   10696 BGD    0 1202    0  650 0.380 282.5  27.0   8.0  22.0
200411 7.500   10697 A      0    8    0   10 0.912 276.1  71.0   7.0  66.0
200411 7.500   10698 B      0   64    0   60 0.841 256.9  61.0  -9.0  56.0
200411 8.500   10693 A      0   28    0  120 0.993 252.4  74.0 -17.0  82.0
200411 8.500   10696 BGD    0  969    0  600 0.589 278.9  28.0   8.0  36.0
200411 8.500   10698 B      0   88    0  150 0.955 259.5  64.0  -9.0  72.0
200411 9.500   10693 A      0    8    0   70 0.998 252.2  71.0 -18.0  93.0
200411 9.500   10696 BGD    0  940    0  730 0.765 277.7  28.0   8.0  50.0
200411 9.500   10698 B      0   28    0  160 0.996 260.6  62.0  -9.0  84.0
200411 9.500   10699 A      0   15    0   20 0.927 108.7 272.0 -16.0 -66.0
20041110.500   10696 BGD    0  442    0  470 0.882 277.4  27.0   8.0  62.0
20041110.500   10699 A      0   33    0   30 0.824 110.7 272.0 -15.0 -53.0
20041111.500   10696 BGD    0  207    0  420 0.969 277.5  27.0   8.0  76.0
20041111.500   10699 A      0   45    0   30 0.661 115.3 273.0 -14.0 -38.0
20041111.500   10700 B      0   39    0   20 0.038 294.2 313.0   4.0   2.0
20041111.500   10701 B      0   49    0   80 0.950 108.0 241.0 -16.0 -70.0
20041112.500   10696 A      0    8    0   70 0.998 277.8  25.0   8.0  87.0
20041112.500   10699 B      0   51    0   30 0.526 123.1 271.0 -14.0 -27.0
20041112.500   10700 B      0   58    0   30 0.244 278.6 312.0   5.0  14.0
20041112.500   10701 B      0   92    0  100 0.887 110.9 238.0 -17.0 -60.0
20041113.500   10699 B      0   72    0   40 0.416 137.2 268.0 -15.0 -17.0
20041113.500   10700 BG     0  142    0   80 0.454 275.4 312.0   5.0  27.0
20041113.500   10701 B      0  132    0  100 0.751 115.7 240.0 -17.0 -45.0
20041114.500   10699 B      0  153    0   80 0.276 169.4 269.0 -13.0  -3.0
20041114.500   10700 BG     0  122    0   80 0.642 272.9 312.0   4.0  40.0
20041114.500   10701 A      0  115    0   70 0.568 121.7 242.0 -15.0 -30.0
20041115.500   10699 B      0   94    0   50 0.318 212.2 269.0 -13.0  10.0
20041115.500   10700 BG     0  241    0  200 0.798 273.0 312.0   4.0  53.0
20041115.500   10701 B      0  127    0   70 0.413 136.8 242.0 -15.0 -17.0
20041116.500   10699 B      0   53    0   30 0.463 235.2 269.0 -13.0  23.0
20041116.500   10700 BG     0  250    0  320 0.920 273.3 312.0   4.0  67.0
20041116.500   10701 A      0  114    0   60 0.308 167.4 242.0 -15.0  -4.0
20041117.500   10699 B      0   31    0   20 0.628 245.8 269.0 -13.0  36.0
20041117.500   10700 BG     0   64    0  180 0.984 273.6 312.0   4.0  80.0
20041117.500   10701 A      0   94    0   50 0.335 206.8 241.0 -15.0   9.0
20041117.500   10702 B      0  139    0   80 0.494 244.8 259.0 -10.0  27.0
20041118.500   10699 A      0   12    0   10 0.787 251.5 269.0 -13.0  50.0
20041118.500   10700 BG     0    2    0   30 0.999 274.1 312.0   4.0  93.0
20041118.500   10701 A      0  106    0   60 0.466 230.9 241.0 -15.0  22.0
20041118.500   10702 B      0   74    0   50 0.665 252.2 259.0 -10.0  40.0
20041118.500   10703 A      0   13    0   10 0.728  74.2 173.0  13.0 -46.0
20041118.500   10704 A      0   26    0   50 0.965  78.2 144.0  12.0 -75.0
20041119.500   10699 A      0    0    0    0 0.916 253.7 271.0 -14.0  65.0
20041119.500   10701 A      0   78    0   50 0.618 240.4 240.0 -16.0  34.0
20041119.500   10702 B      0   68    0   60 0.822 255.0 260.0 -11.0  54.0
20041119.500   10703 A      0   49    0   30 0.575  72.0 172.0  12.0 -34.0
20041119.500   10704 A      0   65    0   70 0.885  76.4 144.0  13.0 -62.0
20041120.500   10701 A      0   63    0   50 0.774 247.3 241.0 -16.0  48.0
20041120.500   10702 A      0   11    0   20 0.954 259.9 265.0  -9.0  72.0
20041120.500   10704 B      0  136    0  110 0.783  76.3 142.0  12.0 -51.0
20041121.500   10701 A      0   27    0   30 0.888 252.0 241.0 -15.0  61.0
20041121.500   10704 B      0  138    0   90 0.642  73.5 141.0  12.0 -39.0
20041122.500   10701 A      0   15    0   30 0.967 251.9 241.0 -17.0  74.0
20041122.500   10704 B      0  195    0  110 0.457  64.4 142.0  13.0 -25.0
20041123.500   10701 A      0    6    0   30 0.994 254.7 237.0 -15.0  83.0
20041123.500   10704 B      0  173    0   90 0.259  46.0 143.0  12.0 -11.0
20041123.500   10705 B      0   61    0   70 0.900 264.7 218.0  -4.0  64.0
20041124.500   10703 A      0   16    0   10 0.541 292.0 172.0  13.0  31.0
20041124.500   10704 B      0  175    0   90 0.210 341.1 145.0  13.0   4.0
20041124.500   10705 B      0   20    0   60 0.985 265.7 221.0  -4.0  80.0
20041124.500   10706 B      0   50    0   80 0.948  99.0  70.0  -8.0 -71.0
20041124.500   10707 A      0   56    0   80 0.936 107.7  73.0 -16.0 -68.0
20041125.500   10704 B      0  131    0   70 0.349 305.3 145.0  13.0  17.0
20041125.500   10705 B      0   10    0   60 0.996 266.1 223.0  -4.0  95.0
20041125.500   10706 B      0   77    0   70 0.835 100.5  72.0  -8.0 -56.0
20041125.500   10707 B      0  114    0  110 0.854 108.5  71.0 -15.0 -57.0
20041126.500   10704 B      0  102    0   60 0.524 291.1 145.0  12.0  30.0
20041126.500   10706 B      0  199    0  140 0.703 101.3  71.0  -7.0 -44.0
20041126.500   10707 BG     0  212    0  150 0.706 114.4  73.0 -16.0 -42.0
20041126.500   10708 A      0   38    0  120 0.987  82.1  34.0   8.0 -81.0
20041127.500   10704 A      0   42    0   30 0.709 287.3 145.0  13.0  44.0
20041127.500   10706 B      0  203    0  120 0.530 105.2  70.0  -7.0 -31.0
20041127.500   10707 BG     0  289    0  170 0.526 123.9  74.0 -16.0 -27.0
20041127.500   10708 A      0   77    0  100 0.922  79.6  34.0  10.0 -67.0
20041128.500   10704 B      0   11    0   10 0.817 285.2 142.0  13.0  54.0
20041128.500   10706 B      0  280    0  150 0.352 113.2  69.0  -7.0 -19.0
20041128.500   10707 B      0  317    0  170 0.361 139.7  74.0 -15.0 -14.0
20041128.500   10708 B      0  154    0  140 0.833  78.7  32.0  10.0 -56.0
20041129.500   10706 A      0  236    0  120 0.177 150.9  70.0  -8.0  -5.0
20041129.500   10707 B      0  328    0  170 0.260 172.5  73.0 -14.0  -2.0
20041129.500   10708 A      0  227    0  150 0.653  75.7  35.0  10.0 -40.0
20041130.500   10706 A      0  215    0  110 0.206 222.1  70.0  -8.0   8.0
20041130.500   10707 B      0  340    0  180 0.325 218.4  74.0 -14.0  12.0
20041130.500   10708 A      0  228    0  130 0.480  68.1  35.0  11.0 -27.0
200412 1.500   10706 A      0  147    0   80 0.380 249.6  70.0  -7.0  21.0
200412 1.500   10707 BG     0  417    0  240 0.493 232.1  73.0 -17.0  24.0
200412 1.500   10708 B      0  249    0  130 0.280  58.7  35.0   9.0 -14.0
200412 2.500   10706 B      0  161    0   90 0.447 257.7  62.0  -5.0  26.0
200412 2.500   10707 B      0  355    0  230 0.635 246.9  73.0 -14.0  37.0
200412 2.500   10708 B      0  296    0  150 0.148   6.7  35.0   9.0  -1.0
200412 3.500   10706 B      0  106    0   80 0.747 261.6  70.0  -6.0  48.0
200412 3.500   10707 B      0  241    0  190 0.773 251.4  71.0 -14.0  49.0
200412 3.500   10708 B      0  310    0  160 0.245 302.7  34.0   8.0  12.0
200412 3.500   10709 A      0   19    0   20 0.876  83.4 321.0   6.0 -61.0
200412 4.500   10706 B      0   74    0   80 0.885 261.9  71.0  -7.0  62.0
200412 4.500   10707 B      0   93    0  110 0.905 255.5  73.0 -13.0  64.0
200412 4.500   10708 B      0  159    0   90 0.459 289.4  35.0   9.0  26.0
200412 5.500   10706 A      0   38    0   70 0.962 262.7  70.0  -7.0  74.0
200412 5.500   10707 A      0   34    0   80 0.976 256.6  73.0 -13.0  77.0
200412 5.500   10708 A      0  104    0   70 0.666 283.4  37.0   9.0  41.0
200412 5.500   10709 A      0   17    0   10 0.522  78.7 325.0   6.0 -31.0
200412 6.500   10706 A      0    5    0   60 0.999 263.0  70.0  -7.0  87.0
200412 6.500   10707 A      0    5    0   60 0.999 257.0  71.0 -13.0  88.0
200412 6.500   10708 A      0  118    0  100 0.805 282.4  36.0  10.0  53.0
200412 6.500   10709 B      0   18    0   10 0.348  78.5 323.0   4.0 -20.0
200412 7.500   10708 A      0   64    0   80 0.916 281.0  36.0  10.0  66.0
200412 7.500   10709 B      0   39    0   20 0.074  13.6 329.0   4.0  -1.0
200412 8.500   10708 A      0   24    0   80 0.988 279.1  37.0   9.0  81.0
200412 8.500   10709 B      0   39    0   20 0.204 291.2 327.0   4.0  11.0
200412 8.500   10710 A      0   27    0   20 0.737 100.7 269.0  -8.0 -47.0
200412 9.500   10708 A      0    5    0   60 0.999 279.0  35.0   9.0  92.0
200412 9.500   10709 B      0   55    0   30 0.369 284.6 324.0   5.0  21.0
200412 9.500   10710 A      0   16    0   10 0.553 102.2 270.0  -7.0 -33.0
20041210.500   10709 A      0   15    0   10 0.620 278.7 328.0   5.0  38.0
20041210.500   10710 B      0   18    0   10 0.393 109.5 268.0  -8.0 -22.0
20041210.500   10711 B      0   36    0   20 0.407 304.9 310.0  13.0  20.0
20041211.500   10711 B      0   80    0   50 0.593 293.2 311.0  13.0  34.0
20041212.500   10711 B      0  132    0  100 0.750 288.2 311.0  13.0  47.0
20041213.500   10711 BG     0  116    0  120 0.875 285.4 311.0  13.0  60.0
20041214.500   10711 BG     0   69    0  130 0.964 283.8 311.0  13.0  74.0
20041215.500   10710 B      0   27    0   20 0.723 260.0 270.0  -8.0  46.0
20041215.500   10711 BG     0    0    0  150 1.000 283.0 312.0  13.0  88.0
20041216.500   10710 B      0   29    0   30 0.875 263.8 272.0  -6.0  61.0
20041217.500   10710 B      0   30    0   50 0.951 263.1 270.0  -7.0  72.0
20041217.500   10712 B      0   25    0   20 0.771 101.8 148.0 -10.0 -50.0
20041217.500   10713 A      0   47    0   70 0.940 100.1 128.0 -10.0 -70.0
20041218.500   10710 A      0    2    0   10 0.990 263.1 267.0  -7.0  82.0
20041218.500   10712 B      0   47    0   30 0.612 104.5 148.0 -10.0 -37.0
20041218.500   10713 B      0  102    0  100 0.859 100.7 126.0 -10.0 -59.0
20041219.500   10712 B      0   18    0   10 0.432 112.5 147.0 -11.0 -24.0
20041219.500   10713 B      0  165    0  120 0.725 102.3 125.0 -10.0 -46.0
20041220.500   10713 BG     0  345    0  210 0.568 103.4 124.0  -9.0 -34.0
20041221.500   10713 BG     0  387    0  210 0.387 106.4 123.0  -8.0 -22.0
20041222.500   10713 BG     0  373    0  190 0.184 139.2 125.0 -10.0  -7.0
20041222.500   10714 B      0   19    0   10 0.039 206.6 133.0  -4.0   1.0
20041223.500   10713 BG     0  415    0  210 0.146 225.3 125.0  -8.0   6.0
20041223.500   10714 B      0   38    0   20 0.276 266.6 135.0  -3.0  16.0
20041224.500   10713 B      0  353    0  190 0.369 253.9 126.0  -8.0  21.0
20041224.500   10714 B      0   34    0   20 0.500 267.9 135.0  -3.0  30.0
20041225.500   10713 B      0  161    0  100 0.593 258.0 128.0  -9.0  36.0
20041225.500   10714 A      0    0    0    0 0.642 268.2 132.0  -3.0  40.0
20041226.500   10713 B      0  122    0   90 0.732 261.4 126.0  -8.0  47.0
20041227.500   10713 A      0   84    0  100 0.906 261.3 131.0  -9.0  65.0
20041228.500   10713 B      0   63    0  150 0.977 261.4 131.0  -9.0  78.0
20041228.500   10715 B      0   43    0   80 0.962  85.1 339.0   4.0 -74.0
20041229.500   10713 B      0    0    0  150 1.000 261.0 131.0  -9.0  91.0
20041229.500   10715 BGD    0  248    0  260 0.878  83.9 339.0   4.0 -61.0
20041230.500   10715 BGD    0  473    0  350 0.737  81.8 339.0   4.0 -47.0
20041230.500   10716 B      0   12    0   10 0.796 107.9 334.0 -16.0 -52.0
20041231.500   10715 BGD    0  361    0  220 0.569  78.4 339.0   4.0 -34.0
20041231.500   10716 B      0   31    0   20 0.617 108.9 336.0 -14.0 -37.0
20041231.500   10717 B      0   10    0   10 0.837 280.4  69.0   7.0  56.0
