2009 1 9.500   11010 B      0   30    0   20 0.633  54.9  19.0  18.0 -33.0
2009 110.500   11010 B      0   51    0   30 0.508  37.0  20.0  20.0 -19.0
2009 111.500   11010 B      0   92    0   50 0.387  12.4  21.0  18.0  -5.0
2009 112.500   11010 A      0   18    0   10 0.417 341.6  21.0  19.0   8.0
2009 113.500   11010 A      0   17    0   10 0.498 319.3  19.0  18.0  20.0
2009 119.500   11011 B      0   18    0   10 0.433 252.6 305.0 -12.0  25.0
2009 211.500   11012 A      0    9    0   10 0.879  93.2 275.0  -6.0 -62.0
2009 212.500   11012 A      0   13    0   10 0.740  90.6 276.0  -5.0 -48.0
2009 213.500   11012 A      0   16    0   10 0.556  90.7 278.0  -6.0 -34.0
2009 224.500   11013 B      0   31    0   20 0.621  29.6 146.0  26.0 -20.0
2009 225.500   11013 B      0   16    0   10 0.557  11.3 146.0  26.0  -7.0
2009 226.500   11013 B      0   16    0   10 0.555 350.3 146.0  26.0   6.0
2009 3 6.500   11014 B      0   39    0   20 0.057   0.0  34.0  -4.0   0.0
2009 3 7.500   11014 B      0   38    0   20 0.264 293.5  35.0  -1.0  14.0
2009 421.500   11015 A      0    7    0   10 0.934 295.9 213.0  22.0  65.0
2009 429.500   11016 B      0   17    0   20 0.896 263.2 106.0  -8.0  64.0
2009 430.500   11016 A      0    3    0   10 0.980 263.7 108.0  -7.0  79.0
2009 513.500   11017 B      0   16    0   10 0.556  51.0 190.0  18.0 -27.0
2009 514.500   11017 B      0   35    0   20 0.448  38.4 186.0  18.0 -17.0
2009 515.500   11017 A      0   18    0   10 0.365  15.8 184.0  18.0  -6.0
2009 516.500   11017 B      0   37    0   20 0.379 336.9 186.0  18.0   9.0
2009 517.500   11017 B      0   17    0   10 0.485 315.3 185.0  18.0  21.0
2009 518.500   11017 B      0   46    0   30 0.642 301.8 185.0  18.0  35.0
2009 519.500   11017 A      0   12    0   10 0.797 293.2 187.0  17.0  50.0
2009 523.500   11018 B      0   40    0   30 0.737 135.5  46.0 -33.0 -38.0
2009 531.500   11019 B      0   40    0   30 0.745  51.7 298.0  27.0 -41.0
2009 6 1.500   11019 B      0  122    0   80 0.641  41.9 297.0  28.0 -29.0
2009 6 2.500   11019 B      0  101    0   60 0.528  25.7 298.0  28.0 -15.0
2009 6 3.500   11019 B      0   17    0   10 0.446   6.1 296.0  26.0  -3.0
2009 6 4.500   11019 B      0   35    0   20 0.439 338.8 296.0  24.0  10.0
2009 6 5.500   11019 B      0   16    0   10 0.542 318.8 296.0  24.0  23.0
2009 6 8.500   11020 B      0   36    0   20 0.387  17.0 225.0  22.0  -7.0
2009 6 9.500   11020 B      0   36    0   20 0.408 348.7 223.0  24.0   5.0
2009 612.500   11020 A      0   12    0   10 0.772 302.4 226.0  25.0  46.0
2009 617.500   11021 A      0    6    0   10 0.952 252.7 184.0 -16.0  71.0
2009 621.500   11022 B      0   33    0   20 0.534 154.4  45.0 -27.0 -15.0
2009 622.500   11022 A      0   17    0   10 0.469 178.1  46.0 -26.0  -1.0
2009 622.500   11023 B      0   63    0   40 0.603 131.8  18.0 -22.0 -29.0
2009 623.500   11023 B      0   51    0   30 0.511 152.7  19.0 -25.0 -15.0
2009 624.500   11023 B      0   72    0   40 0.426 177.8  20.0 -23.0  -1.0
2009 7 3.500   11024 B      0  101    0   60 0.533 152.0 246.0 -25.0 -16.0
2009 7 4.500   11024 B      0  172    0  100 0.505 176.5 247.0 -27.0  -2.0
2009 7 5.500   11024 B      0  285    0  170 0.543 201.7 247.0 -27.0  13.0
2009 7 6.500   11024 B      0  246    0  160 0.636 217.9 247.0 -27.0  26.0
2009 7 7.500   11024 B      0  238    0  180 0.749 228.5 248.0 -27.0  39.0
2009 7 8.500   11024 B      0  201    0  190 0.848 237.3 248.0 -25.0  52.0
2009 7 9.500   11024 B      0  163    0  230 0.935 241.4 248.0 -25.0  65.0
2009 710.500   11024 B      0   16    0   60 0.990 244.0 248.0 -25.0  79.0
2009 831.500   11025 B      0   16    0   10 0.541  69.6 169.0  17.0 -32.0
2009 9 1.500   11025 B      0   18    0   10 0.344  59.2 170.0  17.0 -18.0
2009 921.500   11026 A      0    6    0   10 0.942 124.2 221.0 -29.0 -63.0
2009 922.500   11026 B      0   26    0   30 0.896 128.6 217.0 -30.0 -54.0
2009 922.500   11027 B      0   65    0   40 0.574  57.5 239.0  24.0 -32.0
2009 923.500   11026 A      0   47    0   40 0.804 145.8 224.0 -36.0 -34.0
2009 923.500   11027 B      0  180    0  100 0.435  49.4 238.0  23.0 -21.0
2009 924.500   11026 A      0   99    0   70 0.706 144.5 221.0 -29.0 -28.0
2009 924.500   11027 B      0  209    0  110 0.304  15.2 240.0  24.0  -5.0
2009 925.500   11026 A      0   30    0   20 0.638 159.4 217.0 -30.0 -15.0
2009 925.500   11027 B      0  113    0   60 0.321 336.7 239.0  24.0   8.0
2009 926.500   11027 B      0  107    0   60 0.445 312.6 239.0  24.0  21.0
2009 927.500   11027 A      0   16    0   10 0.599 301.5 239.0  24.0  34.0
2009 928.500   11027 B      0   80    0   60 0.743 295.0 239.0  23.0  47.0
2009 929.500   11027 B      0   37    0   40 0.880 292.5 241.0  23.0  62.0
2009 930.500   11027 A      0    5    0   10 0.964 292.1 241.0  23.0  76.0
200910 1.500   11027 A      0    1    0   10 0.998 293.8 241.0  24.0  89.0
20091020.500   11028 A      0   12    0   10 0.797  61.3 211.0  26.0 -51.0
20091023.500   11028 A      0   17    0   10 0.449  33.2 206.0  27.0 -16.0
20091023.500   11029 B      0   95    0   50 0.282  56.3 208.0  14.0 -14.0
20091024.500   11029 B      0  236    0  120 0.159 347.7 211.0  14.0   2.0
20091025.500   11029 BG     0  247    0  130 0.306 305.3 211.0  15.0  15.0
20091026.500   11029 BG     0  324    0  190 0.522 293.0 212.0  16.0  30.0
20091027.500   11029 BG     0  365    0  260 0.712 286.4 213.0  15.0  45.0
20091028.500   11029 BG     0  350    0  340 0.857 285.9 215.0  16.0  59.0
20091029.500   11029 B      0  252    0  380 0.943 286.4 213.0  17.0  71.0
20091030.500   11029 B      0   75    0  320 0.993 285.6 213.0  16.0  84.0
200911 5.500   11030 B      0   93    0   50 0.366   9.9  46.0  25.0  -4.0
200911 6.500   11030 B      0   18    0   10 0.364 342.2  44.0  24.0   7.0
200911 7.500   11030 A      0   16    0   10 0.532 314.0  48.0  25.0  25.0
200911 9.500   11030 B      0   12    0   10 0.773 298.6  45.0  24.0  48.0
20091110.500   11030 A      0    9    0   10 0.892 295.3  46.0  24.0  62.0
20091111.500   11030 A      0    3    0   10 0.980 293.8  50.0  24.0  79.0
20091112.500   11030 A      0    0    0   10 1.000 293.1  50.0  23.0  92.0
20091115.500   11031 A      0   16    0   10 0.548  32.7 258.0  30.0 -20.0
20091116.500   11031 B      0   17    0   10 0.476  14.7 257.0  30.0  -8.0
20091118.500   11032 B      0   36    0   20 0.415  52.1 218.0  17.0 -20.0
20091118.500   11033 B      0   39    0   30 0.759  64.1 191.0  21.0 -47.0
20091119.500   11032 B      0   19    0   10 0.250  28.1 218.0  15.0  -7.0
20091119.500   11033 B      0   95    0   60 0.605  60.9 191.0  19.0 -34.0
20091120.500   11032 B      0   19    0   10 0.245 348.1 218.0  16.0   3.0
20091120.500   11033 B      0   17    0   10 0.489  48.2 189.0  21.0 -23.0
20091121.500   11033 B      0   57    0   30 0.299  22.8 192.0  18.0  -7.0
20091122.500   11033 B      0   19    0   10 0.290 343.4 191.0  18.0   5.0
200912 9.500   11034 B      0    5    0   10 0.961  71.2 250.0  18.0 -73.0
20091210.500   11034 B      0    9    0   10 0.876  66.8 250.0  20.0 -59.0
20091211.500   11034 B      0   26    0   20 0.750  62.4 251.0  20.0 -45.0
20091212.500   11034 B      0   31    0   20 0.609  54.8 251.0  20.0 -32.0
20091213.500   11034 B      0   36    0   20 0.427  37.6 254.0  19.0 -16.0
20091214.500   11034 B      0   18    0   10 0.360   7.8 254.0  20.0  -3.0
20091214.500   11035 B      0   33    0   20 0.539  11.2 250.0  31.0  -7.0
20091215.500   11034 B      0   18    0   10 0.411 326.2 257.0  19.0  14.0
20091215.500   11035 B      0  204    0  120 0.521 351.7 248.0  30.0   5.0
20091216.500   11035 BD     0  227    0  140 0.582 332.6 248.0  30.0  18.0
20091217.500   11035 B      0  303    0  210 0.691 318.4 249.0  30.0  32.0
20091218.500   11035 B      0  371    0  310 0.800 310.1 249.0  30.0  45.0
20091219.500   11035 B      0  207    0  220 0.882 305.5 247.0  30.0  56.0
20091219.500   11036 B      0   16    0   10 0.543 211.6 210.0 -29.0  19.0
20091219.500   11037 B      0   11    0   10 0.835  67.2 137.0  18.0 -54.0
20091220.500   11035 B      0  171    0  310 0.961 303.0 248.0  31.0  70.0
20091220.500   11036 B      0   15    0   10 0.640 227.6 210.0 -27.0  32.0
20091220.500   11038 A      0   17    0   10 0.518 305.5 204.0  16.0  26.0
20091221.500   11035 B      0   11    0   90 0.998 301.2 249.0  31.0  85.0
20091221.500   11036 B      0   90    0   70 0.765 235.4 209.0 -27.0  45.0
20091221.500   11038 B      0   29    0   20 0.668 298.2 202.0  17.0  38.0
20091222.500   11036 B      0    9    0   10 0.873 239.9 209.0 -27.0  58.0
20091222.500   11038 B      0   11    0   10 0.806 292.8 202.0  17.0  51.0
20091223.500   11036 B      0   31    0   50 0.948 241.1 208.0 -28.0  70.0
20091223.500   11038 A      0   13    0   20 0.942 286.7 207.0  15.0  69.0
20091224.500   11038 A      0    2    0   10 0.990 283.5 206.0  13.0  81.0
20091226.500   11039 B      0   13    0   10 0.757 122.9  53.0 -26.0 -45.0
20091227.500   11039 B      0  156    0  100 0.622 132.5  54.0 -27.0 -31.0
20091228.500   11039 B      0  154    0   90 0.509 147.6  54.0 -28.0 -18.0
20091229.500   11039 B      0  143    0   80 0.436 167.8  53.0 -28.0  -6.0
20091230.500   11039 B      0   90    0   50 0.427 196.9  54.0 -27.0   8.0
20091231.500   11039 B      0  220    0  130 0.530 216.6  54.0 -28.0  21.0
