2008 1 1.500   10980 A      0   21    0   30 0.932  96.3 238.0  -7.0 -69.0
2008 1 2.500   10980 B      0   31    0   30 0.847  97.4 236.0  -8.0 -58.0
2008 1 3.500   10980 A      0   29    0   20 0.668  95.3 239.0  -6.0 -42.0
2008 1 4.500   10980 A      0   17    0   10 0.485  96.1 239.0  -6.0 -29.0
2008 1 4.500   10981 B      0   30    0   20 0.636  30.6 246.0  30.0 -22.0
2008 1 5.500   10981 B      0   32    0   20 0.577  21.5 241.0  29.0 -14.0
2008 1 6.500   10981 A      0   34    0   20 0.514 353.1 246.0  27.0   4.0
2008 1 7.500   10980 B      0   39    0   20 0.065 233.5 232.0  -6.0   3.0
2008 1 8.500   10980 A      0   36    0   20 0.394 258.8 239.0  -8.0  23.0
2008 129.500   10982 B      0   24    0   20 0.794  96.9 246.0  -9.0 -53.0
2008 130.500   10982 B      0   92    0   60 0.640  96.9 246.0  -9.0 -40.0
2008 131.500   10982 B      0   90    0   50 0.421  96.1 248.0  -8.0 -25.0
2008 2 1.500   10982 B      0   58    0   30 0.249 106.7 245.0 -10.0 -14.0
2008 2 2.500   10982 B      0   39    0   20 0.047 226.9 248.0  -8.0   2.0
2008 2 3.500   10982 B      0   19    0   10 0.275 262.6 249.0  -8.0  16.0
2008 2 4.500   10982 B      0   17    0   10 0.452 262.5 247.0  -9.0  27.0
2008 225.500   10983 A      0   30    0   20 0.634 277.2 342.0  -1.0  39.0
2008 226.500   10983 B      0   35    0   30 0.805 267.8 344.0  -6.0  54.0
2008 227.500   10983 B      0   23    0   30 0.918 267.6 344.0  -5.0  67.0
2008 228.500   10983 B      0   10    0   30 0.986 265.1 344.0  -6.0  81.0
2008 3 5.500   10984 B      0   14    0   20 0.931 267.5 253.0  -5.0  69.0
2008 3 6.500   10984 B      0   11    0   30 0.982 263.2 251.0  -8.0  80.0
2008 310.500   10985 B      0   25    0   90 0.990 260.9 201.0 -10.0  83.0
2008 315.500   10986 B      0   30    0   20 0.655 272.1  94.0  -4.0  41.0
2008 316.500   10986 B      0   22    0   20 0.827 270.0  96.0  -4.0  56.0
2008 317.500   10986 A      0    6    0   10 0.944 268.2  98.0  -4.0  71.0
2008 323.500   10987 B      0   51    0   40 0.761  94.7 258.0  -8.0 -50.0
2008 324.500   10987 B      0  178    0  110 0.584  94.2 259.0  -8.0 -36.0
2008 324.500   10988 B      0  104    0  100 0.852  96.4 236.0  -9.0 -59.0
2008 325.500   10987 B      0  239    0  130 0.388  94.5 259.0  -8.0 -23.0
2008 325.500   10988 B      0  274    0  200 0.726  96.0 235.0  -9.0 -47.0
2008 325.500   10989 A      0   24    0   50 0.971  98.7 205.0 -10.0 -77.0
2008 326.500   10987 B      0  335    0  170 0.157  98.5 259.0  -8.0  -9.0
2008 326.500   10988 B      0  498    0  300 0.555  96.1 234.0  -9.0 -34.0
2008 326.500   10989 B      0   46    0   50 0.885 100.0 205.0 -12.0 -63.0
2008 327.500   10987 B      0  338    0  170 0.087 266.3 260.0  -7.0   5.0
2008 327.500   10988 B      0  526    0  280 0.341  97.9 235.0  -9.0 -20.0
2008 327.500   10989 B      0   80    0   60 0.739 101.5 207.0 -13.0 -48.0
2008 328.500   10987 B      0  247    0  130 0.307 264.6 260.0  -8.0  18.0
2008 328.500   10988 B      0  456    0  230 0.123 101.4 235.0  -8.0  -7.0
2008 328.500   10989 B      0   81    0   50 0.586 101.3 206.0 -12.0 -36.0
2008 329.500   10987 B      0  154    0   90 0.512 269.4 260.0  -6.0  31.0
2008 329.500   10988 B      0  437    0  220 0.106 256.5 235.0  -8.0   6.0
2008 329.500   10989 B      0  146    0   80 0.396 105.1 206.0 -12.0 -23.0
2008 330.500   10987 B      0  111    0   80 0.716 268.0 262.0  -6.0  46.0
2008 330.500   10988 B      0  373    0  200 0.356 270.3 237.0  -6.0  21.0
2008 330.500   10989 B      0   39    0   20 0.167 125.2 208.0 -12.0  -8.0
2008 331.500   10987 B      0   53    0   50 0.844 265.8 261.0  -7.0  58.0
2008 331.500   10988 B      0  312    0  190 0.570 267.1 238.0  -7.0  35.0
2008 331.500   10989 A      0   19    0   10 0.080 192.3 204.0 -11.0   1.0
2008 4 1.500   10987 A      0   16    0   30 0.963 263.5 264.0  -8.0  75.0
2008 4 1.500   10988 B      0  194    0  150 0.762 266.3 239.0  -7.0  50.0
2008 4 2.500   10987 A      0    1    0   20 0.999 262.2 265.0  -8.0  89.0
2008 4 2.500   10988 A      0  184    0  200 0.887 265.4 239.0  -7.0  63.0
2008 4 3.500   10988 A      0   30    0   70 0.976 265.2 241.0  -6.0  78.0
2008 414.500   10990 A      0   15    0   10 0.602  30.7 358.0  26.0 -20.0
2008 415.500   10990 B      0   16    0   10 0.542   8.2   0.0  27.0  -5.0
2008 419.500   10991 B      0   34    0   20 0.485  99.3 282.0  -9.0 -29.0
2008 420.500   10991 A      0   38    0   20 0.270 109.3 283.0 -10.0 -15.0
2008 422.500   10992 B      0   76    0   40 0.307 356.8 272.0  13.0   1.0
2008 423.500   10992 B      0   72    0   40 0.415 316.6 275.0  13.0  17.0
2008 424.500   10992 A      0   16    0   10 0.593 299.5 277.0  13.0  32.0
2008 5 4.500   10993 B      0   16    0   10 0.588 137.5  86.0 -29.0 -27.0
2008 5 5.500   10993 B      0   34    0   20 0.507 155.8  85.0 -31.0 -14.0
2008 516.500   10994 A      0   29    0   15 0.165 155.5 310.0 -11.0  -4.0
2008 516.500   10995 A      0   17    0   10 0.441  56.2 292.0  12.0 -22.0
2008 516.500   10996 B      0   19    0   20 0.870  73.6 255.0  13.0 -59.0
2008 517.500   10995 A      0   19    0   10 0.275  33.9 292.0  11.0  -9.0
2008 517.500   10996 B      0   27    0   20 0.736  74.2 255.0  10.0 -46.0
2008 518.500   10994 B      0   91    0   50 0.406 244.6 310.0 -12.0  22.0
2008 518.500   10996 B      0   49    0   30 0.560  68.6 256.0  10.0 -32.0
2008 519.500   10994 B      0   31    0   20 0.602 252.6 310.0 -12.0  36.0
2008 519.500   10996 B      0   18    0   10 0.359  58.2 256.0   9.0 -18.0
2008 520.500   10994 A      0   12    0   10 0.772 256.0 311.0 -12.0  50.0
2008 520.500   10996 B      0   19    0   10 0.223  22.6 256.0  10.0  -5.0
2008 526.500   10997 A      0   19    0   10 0.120 188.3 183.0  -8.0   1.0
2008 610.500   10998 B      0   47    0   40 0.805 101.7 291.0  -9.0 -53.0
2008 611.500   10998 A      0   31    0   20 0.630 105.3 292.0  -9.0 -38.0
2008 612.500   10998 B      0   53    0   30 0.465 111.4 291.0  -9.0 -26.0
2008 613.500   10998 B      0   38    0   20 0.279 132.9 292.0 -10.0 -12.0
2008 616.500   10999 A      0   19    0   20 0.867  93.1 204.0  -2.0 -60.0
2008 617.500   10999 A      0   27    0   20 0.721  94.2 205.0  -2.0 -46.0
2008 618.500   10999 A      0   15    0   10 0.606  97.0 204.0  -3.0 -37.0
2008 619.500   10999 A      0   18    0   10 0.351 103.2 205.0  -3.0 -20.0
2008 620.500   10999 A      0   19    0   10 0.124 122.4 206.0  -2.0  -6.0
2008 621.500   10999 A      0   19    0   10 0.155 243.9 207.0  -2.0   8.0
2008 622.500   10999 A      0   18    0   10 0.381 259.7 207.0  -2.0  22.0
2008 718.500   11000 A      0   17    0   10 0.496 127.0 177.0 -13.0 -24.0
2008 719.500   11000 B      0   37    0   20 0.335 149.5 178.0 -12.0 -10.0
2008 720.500   11000 A      0   19    0   10 0.303 196.3 179.0 -12.0   5.0
2008 911.500   11001 B      0   38    0   20 0.241  94.2 179.0   6.0 -14.0
2008 922.500   11002 B      0   51    0   30 0.522 308.0  76.0  25.0  27.0
2008 923.500   11002 B      0   29    0   20 0.676 301.3  75.0  26.0  40.0
200810 4.500   11003 A      0   15    0   10 0.646 138.0 222.0 -23.0 -28.0
20081010.500   11004 A      0   18    0   10 0.375 230.5 188.0  -8.0  17.0
20081011.500   11005 B      0   56    0   40 0.704  58.7 116.0  26.0 -42.0
20081012.500   11005 B      0  116    0   70 0.558  48.5 117.0  27.0 -28.0
20081013.500   11005 B      0   73    0   40 0.401  30.3 119.0  26.0 -13.0
20081014.500   11005 B      0   37    0   20 0.363 355.1 120.0  27.0   2.0
20081015.500   11005 B      0   54    0   30 0.420 326.3 121.0  26.0  15.0
20081016.500   11005 B      0   49    0   30 0.564 309.5 121.0  26.0  29.0
20081016.500   11006 A      0   14    0   20 0.934 238.2 155.0 -27.0  63.0
20081017.500   11006 A      0    8    0   30 0.990 242.7 157.0 -26.0  78.0
20081030.500   11007 B      0   33    0   20 0.553  22.5 252.0  35.0 -15.0
20081031.500   11007 B      0   51    0   30 0.499   6.7 250.0  34.0  -4.0
200811 1.500   11007 B      0   33    0   20 0.532 344.5 251.0  35.0  10.0
200811 2.500   11007 B      0   93    0   60 0.624 326.3 253.0  35.0  25.0
200811 3.500   11007 B      0  109    0   80 0.730 316.3 252.0  35.0  38.0
200811 4.500   11007 B      0   64    0   60 0.844 310.9 253.0  36.0  52.0
200811 5.500   11007 A      0   17    0   30 0.957 305.5 260.0  35.0  72.0
200811 6.500   11007 A      0    7    0   30 0.993 304.8 259.0  35.0  84.0
20081110.500   11008 B      0   69    0   40 0.497   1.7 121.0  33.0  -1.0
20081111.500   11008 B      0  137    0   80 0.516 345.3 118.0  33.0   9.0
20081112.500   11008 B      0  126    0   80 0.608 325.9 119.0  33.0  24.0
20081113.500   11008 B      0   96    0   70 0.726 314.7 120.0  33.0  38.0
20081114.500   11008 B      0   31    0   30 0.848 307.8 121.0  33.0  53.0
20081115.500   11008 A      0   38    0   50 0.924 303.7 120.0  32.0  65.0
20081116.500   11008 A      0   15    0   40 0.980 303.2 120.0  33.0  78.0
20081117.500   11008 A      0    0    0   10 1.000 303.0 120.0  33.0  91.0
20081210.500   11009 B      0   46    0   50 0.884 240.6 146.0 -26.0  59.0
20081211.500   11009 B      0   10    0   20 0.963 244.2 147.0 -25.0  73.0
20081212.500   11009 B      0    0    0   20 1.000 245.0 151.0 -25.0  90.0
