2006 1 1.500   10840 A      0   15    0   10 0.642 269.1 262.0  -3.0  40.0
2006 1 1.500   10841 B      0  280    0  170 0.564 296.8 253.0  12.0  31.0
2006 1 1.500   10843 B      0   37    0   20 0.318 320.1 234.0  11.0  12.0
2006 1 2.500   10840 A      0   12    0   10 0.798 268.7 262.0  -3.0  53.0
2006 1 2.500   10841 A      0  179    0  140 0.767 288.6 257.0  12.0  48.0
2006 1 2.500   10843 A      0   34    0   20 0.488 302.0 234.0  12.0  25.0
2006 1 3.500   10840 A      0    0    0    0 0.920 268.2 262.0  -3.0  67.0
2006 1 3.500   10841 B      0   82    0   90 0.889 286.5 256.0  13.0  61.0
2006 1 3.500   10843 A      0   45    0   30 0.658 294.2 233.0  13.0  38.0
2006 1 4.500   10841 A      0   35    0   80 0.975 284.2 258.0  13.0  76.0
2006 1 4.500   10843 A      0   47    0   40 0.801 289.1 233.0  13.0  51.0
2006 1 5.500   10841 A      0    2    0   40 1.000 282.9 261.0  13.0  91.0
2006 1 5.500   10843 A      0   41    0   50 0.910 284.9 234.0  12.0  64.0
2006 1 6.500   10843 A      0    4    0   10 0.979 283.1 234.0  12.0  77.0
2006 1 6.500   10845 B      0   27    0   50 0.962  70.1  85.0  18.0 -72.0
2006 1 7.500   10845 A      0   50    0   50 0.863  65.3  88.0  19.0 -56.0
2006 1 8.500   10845 A      0   52    0   40 0.750  61.7  86.0  18.0 -44.0
2006 1 9.500   10845 A      0   47    0   30 0.600  52.4  87.0  18.0 -30.0
2006 110.500   10845 A      0   35    0   20 0.476  38.2  86.0  18.0 -18.0
2006 111.500   10845 A      0   37    0   20 0.369  10.4  87.0  17.0  -4.0
2006 112.500   10845 A      0   36    0   20 0.402 340.8  86.0  18.0   8.0
2006 115.500   10846 B      0   68    0   40 0.522 287.5  68.0   5.0  30.0
2006 115.500   10847 B      0   59    0   30 0.157 241.1  46.0  -9.0   8.0
2006 116.500   10846 B      0   98    0   70 0.710 283.3  69.0   6.0  44.0
2006 116.500   10847 B      0  111    0   60 0.360 260.1  46.0  -8.0  21.0
2006 117.500   10846 B      0   76    0   70 0.835 278.0  68.0   4.0  56.0
2006 117.500   10847 B      0   98    0   60 0.572 263.0  47.0  -8.0  35.0
2006 118.500   10846 B      0   31    0   50 0.948 275.9  70.0   4.0  71.0
2006 118.500   10847 B      0   64    0   50 0.763 263.7  49.0  -8.0  50.0
2006 118.500   10848 B      0   94    0   60 0.621 112.9 322.0 -18.0 -37.0
2006 119.500   10846 A      0    1    0   20 1.000 274.2  73.0   4.0  88.0
2006 119.500   10847 B      0   28    0   30 0.880 263.6  47.0  -8.0  62.0
2006 119.500   10848 B      0  248    0  140 0.458 122.8 321.0 -19.0 -24.0
2006 120.500   10847 A      0    6    0   10 0.948 263.3  44.0  -8.0  72.0
2006 120.500   10848 B      0  304    0  160 0.305 147.6 322.0 -20.0 -10.0
2006 121.500   10848 B      0  388    0  200 0.240 187.9 321.0 -19.0   2.0
2006 122.500   10848 BGD    0  469    0  250 0.342 225.6 321.0 -19.0  15.0
2006 122.500   10849 A      0   14    0   10 0.692  94.6 262.0  -7.0 -44.0
2006 123.500   10848 BG     0  396    0  230 0.507 241.1 321.0 -19.0  28.0
2006 123.500   10849 A      0   17    0   10 0.513  94.6 223.0  -7.0 -31.0
2006 123.500   10850 B      0   58    0   30 0.216 336.3 298.0   6.0   5.0
2006 124.500   10848 BG     0  474    0  320 0.671 247.6 320.0 -19.0  41.0
2006 124.500   10849 A      0   19    0   10 0.275  96.2 263.0  -7.0 -16.0
2006 124.500   10850 A      0   18    0   10 0.364 302.4 297.0   6.0  18.0
2006 125.500   10848 B      0  245    0  200 0.790 251.5 318.0 -18.0  52.0
2006 125.500   10850 A      0   17    0   10 0.504 292.1 294.0   6.0  28.0
2006 126.500   10848 B      0  107    0  130 0.910 250.6 319.0 -20.0  66.0
2006 127.500   10848 B      0   41    0   90 0.974 250.8 318.0 -20.0  78.0
2006 127.500   10851 B      0   19    0   20 0.871 256.0 301.0 -15.0  61.0
2006 128.500   10848 A      0    4    0   30 0.997 246.3 315.0 -24.0  88.0
2006 2 8.500   10852 A      0   19    0   10 0.091 228.7  87.0 -10.0   4.0
2006 2 9.500   10852 A      0   19    0   10 0.298 254.1  87.0 -11.0  17.0
2006 2 9.500   10853 A      0   13    0   10 0.750 261.1 119.0 -11.0  49.0
2006 210.500   10853 B      0   17    0   20 0.894 263.2 120.0  -9.0  64.0
2006 211.500   10853 A      0   13    0   30 0.975 262.3 121.0  -9.0  78.0
2006 215.500   10854 B      0   55    0   30 0.388  91.7 327.0  -7.0 -23.0
2006 216.500   10854 B      0   59    0   30 0.172  91.0 327.0  -7.0 -10.0
2006 216.500   10855 A      0   34    0   20 0.512  65.8 309.0   6.0 -28.0
2006 217.500   10854 A      0   19    0   10 0.156 262.8 333.0  -8.0   9.0
2006 217.500   10855 A      0   18    0   10 0.328  51.8 309.0   5.0 -15.0
2006 227.500   10856 A      0    7    0   10 0.929  95.8 123.0  -8.0 -69.0
2006 228.500   10856 A      0   23    0   20 0.803  95.9 124.0  -9.0 -54.0
2006 3 4.500   10856 A      0   19    0   10 0.051 160.3 125.0 -10.0  -1.0
2006 3 5.500   10856 A      0   19    0   10 0.211 256.1 125.0 -10.0  12.0
2006 3 5.500   10857 B      0   14    0   10 0.690  70.3  72.0   8.0 -41.0
2006 3 6.500   10856 A      0   18    0   10 0.420 261.8 125.0 -10.0  25.0
2006 3 6.500   10857 A      0   17    0   10 0.501  60.0  74.0   8.0 -26.0
2006 3 7.500   10856 A      0   15    0   10 0.611 266.3 125.0  -8.0  38.0
2006 3 7.500   10857 A      0   37    0   20 0.319  49.2  73.0   5.0 -14.0
2006 3 8.500   10856 A      0   12    0   10 0.761 265.6 124.0  -8.0  50.0
2006 3 8.500   10857 A      0   38    0   20 0.280   0.0  74.0   9.0   0.0
2006 3 9.500   10857 A      0   18    0   10 0.342 319.4  73.0   8.0  13.0
2006 310.500   10857 A      0   16    0   10 0.527 298.1  75.0   8.0  28.0
2006 312.500   10858 B      0   34    0   20 0.488  30.3   5.0  18.0 -15.0
2006 313.500   10858 B      0   36    0   20 0.426 357.8   8.0  18.0   1.0
2006 314.500   10858 B      0   17    0   10 0.480 331.4   8.0  18.0  14.0
2006 314.500   10859 A      0    4    0   10 0.979 264.3  73.0  -7.0  79.0
2006 314.500   10860 A      0   12    0   10 0.766  87.9 304.0  -3.0 -50.0
2006 315.500   10860 A      0   32    0   20 0.587  87.0 305.0  -4.0 -36.0
2006 315.500   10861 A      0   14    0   10 0.714  99.8 295.0 -12.0 -46.0
2006 316.500   10860 A      0   18    0   10 0.376  83.1 306.0  -4.0 -22.0
2006 316.500   10861 A      0   16    0   10 0.542  99.3 295.0 -11.0 -33.0
2006 317.500   10860 A      0   39    0   20 0.181  73.3 305.0  -4.0 -10.0
2006 317.500   10861 A      0   18    0   10 0.344 102.7 295.0 -11.0 -20.0
2006 318.500   10860 A      0   19    0   10 0.075 315.6 305.0  -4.0   3.0
2006 318.500   10862 B      0   39    0   20 0.052  88.9 299.0  -7.0  -3.0
2006 319.500   10860 A      0   19    0   10 0.279 280.0 305.0  -4.0  16.0
2006 319.500   10862 B      0  177    0   90 0.172 269.6 299.0  -7.0  10.0
2006 320.500   10862 BG     0  232    0  130 0.451 268.3 302.0  -7.0  27.0
2006 321.500   10862 BG     0  187    0  120 0.625 267.5 301.0  -7.0  39.0
2006 322.500   10862 BG     0  139    0  110 0.773 267.9 300.0  -6.0  51.0
2006 322.500   10863 B      0   23    0   20 0.809 285.2 301.0   8.0  52.0
2006 323.500   10862 B      0   49    0   60 0.910 265.4 302.0  -7.0  66.0
2006 323.500   10863 B      0   15    0   20 0.917 281.9 301.0   8.0  65.0
2006 324.500   10862 B      0   28    0   60 0.972 265.5 300.0  -6.0  77.0
2006 324.500   10863 B      0   10    0   30 0.985 278.4 302.0   7.0  79.0
2006 324.500   10864 B      0   19    0   20 0.872 268.1 284.0  -5.0  61.0
2006 328.500   10865 A      0   20    0   20 0.860 101.2 110.0 -13.0 -60.0
2006 329.500   10865 B      0  175    0  130 0.739 100.2 109.0 -12.0 -48.0
2006 329.500   10866 A      0   51    0   70 0.931  93.9  88.0  -6.0 -69.0
2006 330.500   10865 BG     0  237    0  140 0.532 104.0 111.0 -13.0 -32.0
2006 330.500   10866 A      0   79    0   70 0.824  95.2  87.0  -8.0 -56.0
2006 331.500   10865 B      0  392    0  210 0.354 109.7 110.0 -13.0 -20.0
2006 331.500   10866 A      0  179    0  120 0.665  93.2  88.0  -7.0 -42.0
2006 4 1.500   10865 BGD    0  474    0  240 0.154 129.2 110.0 -12.0  -7.0
2006 4 1.500   10866 A      0  141    0   80 0.467  90.6  89.0  -6.0 -28.0
2006 4 2.500   10865 BGD    0  674    0  340 0.130 231.9 110.0 -11.0   6.0
2006 4 2.500   10866 A      0  192    0  100 0.274  89.4  88.0  -6.0 -16.0
2006 4 2.500   10867 B      0   94    0   50 0.315 122.8  88.0 -16.0 -16.0
2006 4 3.500   10865 BGD    0  615    0  330 0.363 255.9 112.0 -11.0  21.0
2006 4 3.500   10866 B      0  239    0  120 0.087  86.2  86.0  -6.0  -5.0
2006 4 3.500   10867 BG     0  196    0  100 0.175 163.3  88.0 -16.0  -3.0
2006 4 4.500   10865 BG     0 1017    0  620 0.572 259.8 113.0 -11.0  35.0
2006 4 4.500   10866 B      0  196    0  100 0.190 271.0  89.0  -6.0  11.0
2006 4 4.500   10867 BG     0  251    0  130 0.250 227.1  89.0 -16.0  11.0
2006 4 5.500   10865 BG     0  823    0  600 0.727 260.7 111.0 -11.0  47.0
2006 4 5.500   10866 B      0  202    0  110 0.389 269.3  87.0  -6.0  23.0
2006 4 5.500   10867 BG     0  213    0  120 0.458 246.8  90.0 -16.0  26.0
2006 4 5.500   10868 B      0   59    0   30 0.105 262.3  70.0  -7.0   6.0
2006 4 6.500   10865 BG     0  538    0  530 0.861 260.8 111.0 -11.0  60.0
2006 4 6.500   10866 B      0  194    0  120 0.585 268.3  87.0  -6.0  36.0
2006 4 6.500   10867 BG     0  123    0   80 0.635 252.2  90.0 -16.0  39.0
2006 4 6.500   10868 B      0   75    0   40 0.324 266.4  70.0  -7.0  19.0
2006 4 6.500   10869 B      0   54    0   30 0.413 105.5  27.0 -12.0 -24.0
2006 4 7.500   10865 B      0  102    0  230 0.975 260.1 116.0 -11.0  78.0
2006 4 7.500   10866 B      0  108    0   90 0.796 268.3  91.0  -5.0  53.0
2006 4 7.500   10867 B      0   90    0   80 0.825 256.0  94.0 -15.0  56.0
2006 4 7.500   10869 B      0   98    0   50 0.171 127.3  30.0 -12.0  -8.0
2006 4 8.500   10865 B      0    5    0  180 1.000 261.0 115.0  -9.0  90.0
2006 4 8.500   10866 B      0   73    0   80 0.888 266.4  88.0  -6.0  63.0
2006 4 8.500   10867 B      0   40    0   50 0.915 255.1  92.0 -16.0  67.0
2006 4 8.500   10869 B      0  138    0   70 0.125 213.2  29.0 -12.0   4.0
2006 4 9.500   10866 B      0   15    0   40 0.980 265.1  91.0  -6.0  79.0
2006 4 9.500   10867 A      0    9    0   30 0.987 254.7  94.0 -16.0  82.0
2006 4 9.500   10869 B      0   95    0   50 0.291 248.0  28.0 -12.0  16.0
2006 410.500   10866 A      0    1    0   30 1.000 264.8  90.0  -5.0  92.0
2006 410.500   10867 A      0    4    0   30 0.997 254.4  94.0 -15.0  96.0
2006 410.500   10869 B      0  153    0   90 0.518 256.5  29.0 -12.0  31.0
2006 410.500   10870 A      0   18    0   10 0.374  96.8 336.0  -8.0 -22.0
2006 410.500   10871 B      0   62    0   50 0.784  95.6 306.0  -8.0 -52.0
2006 411.500   10869 B      0   86    0   60 0.693 258.7  29.0 -12.0  44.0
2006 411.500   10870 A      0   39    0   20 0.160 104.2 336.0  -8.0  -9.0
2006 411.500   10871 A      0   62    0   40 0.626  95.5 306.0  -8.0 -39.0
2006 411.500   10872 A      0   28    0   50 0.958  97.7 271.0  -9.0 -74.0
2006 411.500   10873 B      0   67    0   50 0.741  90.1 297.0  -4.0 -48.0
2006 412.500   10869 B      0   39    0   40 0.870 260.6  33.0 -11.0  61.0
2006 412.500   10870 B      0   39    0   20 0.095 245.3 337.0  -8.0   5.0
2006 412.500   10871 B      0   92    0   50 0.390  97.0 309.0  -8.0 -23.0
2006 412.500   10872 A      0   31    0   30 0.854  94.7 273.0  -7.0 -59.0
2006 412.500   10873 B      0  147    0   90 0.572  88.8 297.0  -4.0 -35.0
2006 413.500   10869 A      0   20    0   40 0.967 262.2  35.0  -9.0  76.0
2006 413.500   10870 A      0   18    0   10 0.326 261.9 338.0  -8.0  19.0
2006 413.500   10871 B      0   59    0   30 0.140  99.9 311.0  -7.0  -8.0
2006 413.500   10872 A      0   41    0   30 0.716  94.3 273.0  -7.0 -46.0
2006 413.500   10873 B      0   92    0   50 0.374  86.6 297.0  -4.0 -22.0
2006 414.500   10869 A      0    4    0   40 0.999 259.2  34.0 -11.0  88.0
2006 414.500   10870 A      0    0    0    0 0.499 261.7 336.0  -9.0  30.0
2006 414.500   10871 B      0   59    0   30 0.074 250.3 310.0  -7.0   4.0
2006 414.500   10872 B      0   33    0   20 0.542  94.3 273.0  -7.0 -33.0
2006 414.500   10873 B      0   39    0   20 0.146  72.3 298.0  -3.0  -8.0
2006 415.500   10871 B      0  114    0   60 0.308 267.5 311.0  -6.0  18.0
2006 415.500   10872 B      0  112    0   60 0.358  98.0 272.0  -8.0 -21.0
2006 415.500   10873 A      0   39    0   20 0.097 296.5 298.0  -3.0   5.0
2006 416.500   10871 B      0  100    0   60 0.542 267.3 312.0  -6.0  33.0
2006 416.500   10872 B      0   39    0   20 0.139  94.5 271.0  -6.0  -8.0
2006 416.500   10873 B      0   19    0   10 0.312 290.2 296.0   1.0  17.0
2006 417.500   10870 A      0    5    0   10 0.959 265.3 340.0  -6.0  74.0
2006 417.500   10871 B      0   41    0   30 0.717 266.8 312.0  -6.0  46.0
2006 417.500   10872 B      0   19    0   10 0.098 241.6 271.0  -8.0   5.0
2006 417.500   10873 A      0    0    0    0 0.600 270.5 303.0  -4.0  37.0
2006 418.500   10871 A      0   10    0   10 0.854 266.2 312.0  -6.0  59.0
2006 418.500   10872 A      0    0    0    0 0.310 260.3 271.0  -8.0  18.0
2006 418.500   10873 A      0   12    0   10 0.764 269.2 303.0  -4.0  50.0
2006 418.500   10874 A      0   19    0   10 0.274  71.1 238.0   0.0 -15.0
2006 419.500   10871 A      0    8    0   10 0.911 265.7 306.0  -6.0  66.0
2006 419.500   10872 B      0   17    0   10 0.514 263.1 271.0  -8.0  31.0
2006 419.500   10874 B      0   39    0   20 0.097  21.2 238.0   0.0  -2.0
2006 420.500   10871 A      0    3    0   10 0.980 264.9 306.0  -6.0  79.0
2006 420.500   10874 B      0  117    0   60 0.203 290.1 238.0  -1.0  11.0
2006 421.500   10874 B      0   54    0   30 0.427 278.3 238.0  -1.0  25.0
2006 422.500   10874 B      0   15    0   10 0.630 272.9 239.0  -2.0  39.0
2006 423.500   10874 A      0    0    0    0 0.820 272.2 242.0  -1.0  55.0
2006 423.500   10875 B      0  180    0  270 0.942 100.0 116.0 -11.0 -71.0
2006 424.500   10875 BG     0  408    0  430 0.880  98.8 112.0 -10.0 -62.0
2006 424.500   10876 A      0   56    0  150 0.982 103.4  94.0 -14.0 -80.0
2006 425.500   10875 BGD    0  668    0  480 0.718  99.4 115.0 -10.0 -46.0
2006 425.500   10876 B      0  131    0  180 0.931 105.4  92.0 -16.0 -69.0
2006 426.500   10875 BG     0  777    0  470 0.561 101.1 114.0 -10.0 -34.0
2006 426.500   10876 BG     0  315    0  290 0.839 106.1  91.0 -16.0 -57.0
2006 426.500   10877 A      0   49    0   40 0.786  95.3  96.0  -7.0 -52.0
2006 427.500   10875 BG     0  579    0  310 0.356 109.5 114.0 -11.0 -20.0
2006 427.500   10876 BG     0  268    0  230 0.811 106.5  80.0 -16.0 -54.0
2006 427.500   10877 A      0   15    0   10 0.641  95.6  94.0  -7.0 -40.0
2006 428.500   10875 BG     0  750    0  380 0.155 138.6 115.0 -11.0  -6.0
2006 428.500   10876 B      0  341    0  200 0.521 112.0  91.0 -15.0 -30.0
2006 428.500   10877 A      0   18    0   10 0.406  92.5  97.0  -5.0 -24.0
2006 429.500   10875 BG     0  553    0  280 0.146 235.3 115.0  -9.0   7.0
2006 429.500   10876 B      0  206    0  110 0.346 120.0  90.0 -14.0 -18.0
2006 430.500   10875 BG     0  633    0  340 0.362 258.5 116.0  -8.0  21.0
2006 430.500   10876 BG     0  137    0   70 0.182 131.3  87.0 -11.0  -8.0
2006 430.500   10878 B      0   55    0   60 0.885  71.8  35.0  14.0 -60.0
2006 5 1.500   10875 BG     0  250    0  150 0.551 256.1 115.0 -11.0  33.0
2006 5 1.500   10876 B      0  136    0   70 0.224 211.7  89.0 -15.0   7.0
2006 5 1.500   10878 B      0   91    0   70 0.755  67.5  36.0  14.0 -46.0
2006 5 2.500   10875 B      0  190    0  140 0.733 257.3 115.0 -12.0  47.0
2006 5 2.500   10876 B      0   74    0   40 0.359 226.9  84.0 -18.0  16.0
2006 5 2.500   10878 B      0   98    0   60 0.576  60.7  37.0  13.0 -31.0
2006 5 2.500   10879 B      0   93    0   50 0.360  19.0  61.0  16.0  -7.0
2006 5 3.500   10875 B      0  180    0  180 0.865 258.3 115.0 -12.0  60.0
2006 5 3.500   10876 B      0   34    0   20 0.520 243.0  84.0 -17.0  29.0
2006 5 3.500   10878 A      0   72    0   40 0.426  44.7  37.0  14.0 -18.0
2006 5 3.500   10879 B      0  186    0  100 0.365 346.8  60.0  17.0   5.0
2006 5 4.500   10875 B      0  100    0  160 0.949 257.5 113.0 -13.0  72.0
2006 5 4.500   10878 A      0   75    0   40 0.316  15.5  36.0  14.0  -5.0
2006 5 4.500   10879 B      0  125    0   70 0.447 318.4  59.0  16.0  18.0
2006 5 4.500   10880 A      0   73    0   80 0.889  97.1 338.0  -8.0 -63.0
2006 5 5.500   10875 B      0   13    0   70 0.995 257.3 113.0 -13.0  85.0
2006 5 5.500   10878 A      0   37    0   20 0.338 333.3  37.0  14.0   9.0
2006 5 5.500   10879 B      0   32    0   20 0.593 303.5  59.0  16.0  31.0
2006 5 5.500   10880 B      0  128    0  100 0.765  97.4 338.0  -8.0 -50.0
2006 5 5.500   10881 A      0    0    0    0 0.964 101.5 313.0 -12.0 -75.0
2006 5 6.500   10878 B      0   17    0   10 0.469 309.2  37.0  14.0  22.0
2006 5 6.500   10879 A      0   12    0   10 0.771 294.2  62.0  16.0  47.0
2006 5 6.500   10880 B      0   79    0   50 0.603  98.6 338.0  -8.0 -37.0
2006 5 6.500   10881 B      0   52    0   70 0.926 101.5 307.0 -12.0 -68.0
2006 5 6.500   10882 B      0   37    0   20 0.352 244.7  34.0 -12.0  19.0
2006 5 7.500   10878 A      0   15    0   10 0.616 294.5  36.0  12.0  35.0
2006 5 7.500   10880 A      0   92    0   50 0.384 105.4 339.0  -9.0 -22.0
2006 5 7.500   10881 B      0   64    0   50 0.767 100.2 311.0 -10.0 -50.0
2006 5 7.500   10882 B      0   50    0   30 0.542 253.0  33.0 -12.0  32.0
2006 5 7.500   10883 A      0   22    0   20 0.828  92.5 305.0  -4.0 -56.0
2006 5 8.500   10880 A      0  118    0   60 0.170 126.0 340.0  -9.0  -8.0
2006 5 8.500   10881 A      0   16    0   10 0.551 103.2 315.0 -10.0 -33.0
2006 5 8.500   10882 B      0  182    0  130 0.712 256.4  33.0 -12.0  45.0
2006 5 8.500   10883 B      0   14    0   10 0.681  92.3 305.0  -4.0 -43.0
2006 5 9.500   10880 A      0   79    0   40 0.123 214.2 339.0  -9.0   4.0
2006 5 9.500   10881 A      0   19    0   10 0.302 106.6 318.0  -8.0 -17.0
2006 5 9.500   10882 B      0  126    0  120 0.849 257.8  33.0 -12.0  58.0
2006 5 9.500   10883 B      0   17    0   10 0.438  92.6 309.0  -4.0 -26.0
2006 510.500   10880 A      0   38    0   20 0.307 249.9 339.0  -9.0  17.0
2006 510.500   10882 B      0   75    0  110 0.939 258.3  32.0 -12.0  70.0
2006 511.500   10880 A      0   34    0   20 0.492 256.9 338.0  -9.0  29.0
2006 511.500   10882 B      0   26    0   90 0.989 258.3  31.0 -12.0  82.0
2006 511.500   10883 A      0    0    0    0 0.039 117.3 307.0  -4.0  -2.0
2006 512.500   10880 B      0   29    0   20 0.672 259.7 338.0  -9.0  42.0
2006 512.500   10881 A      0    0    0    0 0.382 255.9 318.0  -8.0  22.0
2006 512.500   10883 B      0   19    0   10 0.174 263.2 307.0  -4.0  10.0
2006 513.500   10880 A      0   21    0   20 0.838 262.2 339.0  -8.0  57.0
2006 513.500   10883 B      0   17    0   10 0.454 271.0 309.0  -2.0  27.0
2006 514.500   10880 A      0   19    0   30 0.945 261.4 340.0  -9.0  71.0
2006 519.500   10884 B      0   26    0   20 0.740 105.7 156.0 -13.0 -47.0
2006 520.500   10884 B      0  148    0   90 0.566 110.4 157.0 -13.0 -33.0
2006 520.500   10885 B      0   56    0   40 0.704 105.1 146.0 -12.0 -44.0
2006 521.500   10884 B      0   90    0   50 0.421 120.4 154.0 -14.0 -22.0
2006 521.500   10885 B      0  100    0   60 0.549 109.3 144.0 -12.0 -32.0
2006 522.500   10884 B      0   77    0   40 0.238 145.3 155.0 -13.0  -8.0
2006 522.500   10885 B      0  112    0   60 0.338 122.2 146.0 -12.0 -17.0
2006 523.500   10884 B      0   39    0   20 0.215 203.2 155.0 -13.0   5.0
2006 523.500   10885 B      0  117    0   60 0.188 164.2 147.0 -12.0  -3.0
2006 523.500   10886 B      0   41    0   30 0.730  77.5 104.0   8.0 -46.0
2006 524.500   10884 B      0   76    0   40 0.299 232.2 150.0 -12.0  14.0
2006 524.500   10885 B      0  116    0   60 0.239 219.9 145.0 -12.0   9.0
2006 524.500   10886 B      0  135    0   80 0.531  74.3 105.0   7.0 -31.0
2006 525.500   10885 B      0   89    0   50 0.448 247.7 148.0 -11.0  25.0
2006 525.500   10886 B      0   94    0   50 0.317  59.4 107.0   8.0 -16.0
2006 526.500   10885 B      0   62    0   40 0.632 252.4 148.0 -12.0  38.0
2006 526.500   10886 B      0  118    0   60 0.175  23.3 106.0   8.0  -4.0
2006 526.500   10887 B      0   25    0   30 0.901 102.7  46.0 -12.0 -64.0
2006 526.500   10888 B      0   60    0   70 0.901 276.2 174.0   5.0  64.0
2006 527.500   10885 B      0   23    0   20 0.815 256.0 151.0 -12.0  54.0
2006 527.500   10886 B      0   96    0   50 0.260 307.5 109.0   8.0  12.0
2006 527.500   10887 B      0   60    0   50 0.797 105.5  45.0 -13.0 -52.0
2006 527.500   10888 B      0   39    0   90 0.975 276.4 174.0   6.0  77.0
2006 527.500   10889 B      0   39    0   20 0.210  99.1  90.0  -3.0 -12.0
2006 528.500   10886 B      0   54    0   30 0.427 288.8 108.0   7.0  24.0
2006 528.500   10887 B      0   46    0   30 0.633 107.9  46.0 -12.0 -38.0
2006 528.500   10888 B      0    2    0   60 1.000 275.0 175.0   5.0  91.0
2006 528.500   10889 B      0   79    0   40 0.106 260.4  90.0  -2.0   6.0
2006 528.500   10890 B      0   68    0   40 0.522 244.2 113.0 -14.0  29.0
2006 529.500   10886 A      0   30    0   20 0.654 283.3 110.0   8.0  40.0
2006 529.500   10887 B      0   53    0   30 0.443 116.0  46.0 -12.0 -24.0
2006 529.500   10889 A      0   18    0   10 0.342 269.5  90.0  -1.0  20.0
2006 529.500   10890 B      0   43    0   30 0.686 251.8 112.0 -13.0  42.0
2006 530.500   10886 B      0   47    0   40 0.804 280.5 110.0   8.0  53.0
2006 530.500   10887 A      0   57    0   30 0.259 139.0  47.0 -12.0 -10.0
2006 530.500   10890 B      0   30    0   30 0.866 253.1 116.0 -15.0  59.0
2006 530.500   10891 B      0   55    0   30 0.382 123.9  38.0 -13.0 -19.0
2006 531.500   10886 A      0   16    0   20 0.915 277.9 110.0   7.0  66.0
2006 531.500   10887 A      0   19    0   10 0.230 201.6  49.0 -13.0   5.0
2006 531.500   10890 A      0   11    0   20 0.958 255.6 117.0 -14.0  73.0
2006 531.500   10891 A      0   19    0   10 0.252 156.3  38.0 -14.0  -6.0
2006 6 1.500   10886 A      0   12    0   30 0.979 279.3 109.0   9.0  78.0
2006 6 4.500   10892 B      0  178    0  230 0.922  98.6 284.0  -8.0 -67.0
2006 6 5.500   10892 BG     0  274    0  230 0.803 100.0 285.0  -8.0 -53.0
2006 6 6.500   10892 B      0  374    0  250 0.663 100.7 284.0  -7.0 -41.0
2006 6 6.500   10893 B      0   26    0   30 0.899  93.4 261.0  -3.0 -64.0
2006 6 7.500   10892 BD     0  433    0  250 0.497 104.6 282.0  -7.0 -29.0
2006 6 7.500   10893 B      0   73    0   60 0.788  91.4 259.0  -1.0 -52.0
2006 6 8.500   10892 BG     0  499    0  260 0.280 113.2 283.0  -6.0 -15.0
2006 6 8.500   10893 B      0  207    0  130 0.603  93.8 261.0  -2.0 -37.0
2006 6 9.500   10892 BG     0  516    0  260 0.118 197.2 286.0  -6.0   2.0
2006 6 9.500   10893 B      0  182    0  100 0.409  95.9 260.0  -2.0 -24.0
2006 610.500   10892 BG     0  423    0  220 0.274 241.3 285.0  -7.0  14.0
2006 610.500   10893 BG     0  157    0   80 0.179 104.5 261.0  -2.0 -10.0
2006 611.500   10892 BG     0  211    0  120 0.470 253.6 285.0  -7.0  27.0
2006 611.500   10893 B      0   79    0   40 0.070 228.1 261.0  -2.0   3.0
2006 611.500   10894 A      0   16    0   10 0.598 102.7 222.0  -7.0 -36.0
2006 612.500   10892 B      0  151    0  100 0.652 258.3 285.0  -7.0  40.0
2006 612.500   10893 B      0   38    0   20 0.280 260.0 261.0  -2.0  16.0
2006 613.500   10892 A      0  110    0  100 0.833 261.0 288.0  -7.0  56.0
2006 613.500   10893 A      0   34    0   20 0.486 266.3 261.0  -1.0  29.0
2006 614.500   10892 A      0   67    0  100 0.941 262.2 288.0  -7.0  70.0
2006 614.500   10893 A      0   14    0   10 0.683 267.4 261.0  -1.0  43.0
2006 614.500   10894 A      0   19    0   10 0.156 206.3 222.0  -7.0   4.0
2006 615.500   10892 A      0   13    0   80 0.996 263.9 290.0  -6.0  85.0
2006 617.500   10894 B      0   56    0   40 0.703 258.6 223.0  -7.0  44.0
2006 617.500   10895 A      0   19    0   10 0.158  98.8 170.0   0.0  -9.0
2006 617.500   10896 B      0   34    0   20 0.513 116.5 151.0 -12.0 -28.0
2006 618.500   10896 B      0   37    0   20 0.346 128.6 150.0 -11.0 -16.0
2006 619.500   10896 B      0   77    0   40 0.225 166.8 150.0 -11.0  -3.0
2006 620.500   10896 B      0   96    0   50 0.277 222.8 150.0 -10.0  11.0
2006 621.500   10896 B      0  195    0  110 0.463 244.0 151.0 -10.0  25.0
2006 625.500   10897 B      0   31    0   60 0.965  84.4 358.0   6.0 -75.0
2006 626.500   10897 B      0   87    0   80 0.838  84.4   3.0   6.0 -57.0
2006 627.500   10897 BG     0  100    0   70 0.695  84.0   3.0   6.0 -44.0
2006 628.500   10897 BG     0  192    0  110 0.485  84.5   5.0   5.0 -29.0
2006 628.500   10898 A      0  119    0  150 0.917  97.7 328.0  -6.0 -66.0
2006 629.500   10897 BG     0  135    0   70 0.264  77.4   6.0   6.0 -15.0
2006 629.500   10898 B      0  301    0  260 0.814  98.2 327.0  -5.0 -54.0
2006 630.500   10897 B      0   79    0   40 0.079  25.8   6.0   7.0  -2.0
2006 630.500   10898 B      0  528    0  350 0.655 102.6 328.0  -6.0 -40.0
2006 7 1.500   10897 B      0   58    0   30 0.214 284.5   6.0   6.0  12.0
2006 7 1.500   10898 B      0  372    0  210 0.461 109.1 328.0  -6.0 -26.0
2006 7 2.500   10897 A      0   36    0   20 0.392 278.0   4.0   6.0  23.0
2006 7 2.500   10898 B      0  555    0  290 0.287 123.1 327.0  -6.0 -14.0
2006 7 3.500   10897 B      0   31    0   20 0.602 277.4   4.0   7.0  37.0
2006 7 3.500   10898 B      0  708    0  360 0.178 185.6 328.0  -7.0   1.0
2006 7 4.500   10897 B      0   13    0   10 0.754 275.1   3.0   6.0  49.0
2006 7 4.500   10898 B      0  687    0  360 0.299 233.5 328.0  -7.0  14.0
2006 7 5.500   10898 B      0  743    0  430 0.503 247.6 329.0  -8.0  28.0
2006 7 5.500   10899 B      0   63    0   90 0.936  96.6 232.0  -5.0 -69.0
2006 7 6.500   10898 BGD    0  619    0  420 0.676 254.1 328.0  -8.0  41.0
2006 7 6.500   10899 B      0  110    0  100 0.835  98.4 231.0  -5.0 -56.0
2006 7 7.500   10898 BGD    0  450    0  400 0.827 260.2 329.0  -6.0  55.0
2006 7 7.500   10899 B      0  120    0   80 0.655 102.0 234.0  -5.0 -40.0
2006 7 8.500   10898 BGD    0  251    0  360 0.937 262.2 330.0  -6.0  69.0
2006 7 8.500   10899 B      0  105    0   60 0.475 107.8 234.0  -5.0 -27.0
2006 7 9.500   10898 A      0   59    0  260 0.993 263.5 331.0  -6.0  83.0
2006 7 9.500   10899 B      0   76    0   40 0.308 123.3 233.0  -6.0 -15.0
2006 710.500   10899 B      0   58    0   30 0.193 206.7 240.0  -6.0   5.0
2006 711.500   10899 B      0   37    0   20 0.352 240.9 240.0  -6.0  18.0
2006 712.500   10899 B      0   17    0   10 0.491 252.1 236.0  -5.0  28.0
2006 713.500   10899 A      0    1    0    1 0.669 257.7 236.0  -5.0  41.0
2006 714.500   10900 B      0   57    0   40 0.694 101.8 139.0  -5.0 -43.0
2006 715.500   10900 B      0   85    0   50 0.521 107.2 139.0  -5.0 -30.0
2006 716.500   10900 B      0   75    0   40 0.328 123.3 140.0  -6.0 -16.0
2006 717.500   10900 B      0   78    0   40 0.171 168.3 140.0  -5.0  -2.0
2006 718.500   10900 B      0  173    0   90 0.266 231.1 141.0  -5.0  12.0
2006 719.500   10900 B      0  161    0   90 0.446 251.0 141.0  -4.0  25.0
2006 720.500   10900 B      0   31    0   20 0.629 257.4 141.0  -4.0  38.0
2006 721.500   10900 B      0   12    0   10 0.799 258.6 142.0  -6.0  52.0
2006 722.500   10901 B      0   27    0   40 0.937  85.5   6.0   6.0 -70.0
2006 723.500   10901 B      0  146    0  130 0.826  86.3   7.0   6.0 -56.0
2006 724.500   10901 B      0  163    0  110 0.667  88.4   8.0   5.0 -42.0
2006 725.500   10901 B      0  176    0  100 0.467  87.3   9.0   6.0 -28.0
2006 726.500   10901 B      0  193    0  100 0.258  87.0   9.0   6.0 -15.0
2006 727.500   10901 B      0  139    0   70 0.009 180.0  11.0   5.0   0.0
2006 728.500   10901 B      0  136    0   70 0.207 272.6   9.0   6.0  12.0
2006 729.500   10901 B      0  143    0   80 0.436 272.1   9.0   6.0  26.0
2006 730.500   10901 A      0   14    0   10 0.679 272.7  13.0   6.0  43.0
2006 730.500   10902 B      0   53    0   30 0.441 233.1 351.0 -10.0  21.0
2006 731.500   10901 B      0   23    0   20 0.806 273.2  11.0   6.0  54.0
2006 731.500   10902 A      0   13    0   10 0.756 252.8   4.0  -9.0  47.0
2006 8 1.500   10902 A      0    8    0   10 0.894 258.0   6.0  -8.0  62.0
2006 8 2.500   10901 A      0   12    0   20 0.953 276.5   3.0   8.0  73.0
2006 8 2.500   10902 B      0   15    0   30 0.967 259.0   4.0  -9.0  74.0
2006 8 3.500   10901 B      0    4    0   30 0.997 277.6   3.0   8.0  86.0
2006 8 3.500   10902 A      0    2    0   30 0.999 260.7   4.0  -9.0  87.0
2006 8 8.500   10903 B      0   42    0   40 0.847 104.8 154.0  -9.0 -56.0
2006 8 9.500   10903 B      0   42    0   30 0.714 109.3 154.0  -9.0 -43.0
2006 8 9.500   10904 A      0   33    0   80 0.978 105.8 121.0 -14.0 -76.0
2006 810.500   10903 B      0   16    0   10 0.541 117.8 155.0  -9.0 -29.0
2006 810.500   10904 BG     0  248    0  300 0.910 107.5 121.0 -13.0 -63.0
2006 811.500   10903 B      0   18    0   10 0.393 143.0 157.0 -12.0 -14.0
2006 811.500   10904 BG     0  747    0  640 0.812 111.1 120.0 -13.0 -51.0
2006 812.500   10904 BG     0 1105    0  750 0.676 117.4 120.0 -13.0 -38.0
2006 813.500   10904 BG     0 1157    0  680 0.525 128.3 119.0 -13.0 -25.0
2006 814.500   10903 A      0   17    0   10 0.497 240.9 157.0  -8.0  26.0
2006 814.500   10904 BG     0 1275    0  690 0.382 150.9 120.0 -13.0 -11.0
2006 815.500   10904 BG     0 1307    0  700 0.357 188.2 121.0 -14.0   3.0
2006 816.500   10904 BG     0 1096    0  600 0.406 218.6 120.0 -12.0  15.0
2006 817.500   10904 BG     0  976    0  590 0.561 234.6 120.0 -13.0  28.0
2006 818.500   10904 BG     0  816    0  590 0.722 244.6 120.0 -13.0  42.0
2006 819.500   10904 B      0  580    0  540 0.843 248.6 120.0 -14.0  54.0
2006 820.500   10904 B      0  279    0  520 0.963 253.3 124.0 -14.0  72.0
2006 821.500   10904 A      0    3    0  180 1.000 257.8 127.0 -12.0  88.0
2006 821.500   10905 B      0   50    0  100 0.967 100.2 325.0  -8.0 -74.0
2006 822.500   10905 B      0  210    0  220 0.878 101.9 326.0  -7.0 -60.0
2006 823.500   10905 BG     0  365    0  280 0.757 106.9 326.0  -8.0 -47.0
2006 824.500   10905 BG     0  468    0  290 0.590 114.0 326.0  -8.0 -33.0
2006 825.500   10905 BG     0  471    0  260 0.423 126.7 326.0  -8.0 -20.0
2006 826.500   10905 BG     0  634    0  330 0.274 161.6 328.0  -8.0  -5.0
2006 827.500   10905 BG     0  676    0  350 0.257 208.2 327.0  -6.0   7.0
2006 828.500   10905 BG     0  464    0  260 0.449 235.8 329.0  -8.0  22.0
2006 829.500   10905 B      0  283    0  180 0.616 247.2 328.0  -8.0  35.0
2006 830.500   10905 B      0  200    0  160 0.779 253.6 329.0  -8.0  49.0
2006 831.500   10905 B      0   70    0  100 0.937 258.6 335.0  -8.0  68.0
2006 831.500   10906 B      0  116    0  100 0.812 253.4 319.0  -9.0  52.0
2006 9 1.500   10905 A      0   24    0   90 0.991 260.9 335.0  -8.0  81.0
2006 9 1.500   10906 B      0   78    0  100 0.919 256.9 319.0  -9.0  65.0
2006 9 2.500   10905 A      0    7    0   30 0.993 262.8 337.0  -8.0  96.0
2006 9 2.500   10906 B      0   33    0   90 0.983 259.4 319.0  -9.0  78.0
2006 9 5.500   10907 B      0   26    0   20 0.745 114.7 157.0 -13.0 -44.0
2006 9 5.500   10908 A      0   62    0  110 0.958 105.9 130.0 -13.0 -71.0
2006 9 6.500   10907 B      0   48    0   30 0.600 123.2 157.0 -13.0 -31.0
2006 9 6.500   10908 A      0  189    0  200 0.881 107.8 129.0 -12.0 -59.0
2006 9 6.500   10909 B      0   87    0   50 0.488 121.0 163.0  -8.0 -25.0
2006 9 7.500   10907 B      0   35    0   20 0.444 140.1 158.0 -13.0 -17.0
2006 9 7.500   10908 A      0  275    0  210 0.756 114.2 130.0 -13.0 -45.0
2006 9 7.500   10909 B      0   56    0   30 0.318 151.0 166.0  -9.0  -9.0
2006 9 8.500   10907 A      0   18    0   10 0.350 171.6 159.0 -13.0  -3.0
2006 9 8.500   10908 A      0  411    0  260 0.611 122.4 130.0 -13.0 -32.0
2006 9 8.500   10909 B      0  114    0   60 0.288 193.8 166.0  -9.0   4.0
2006 9 9.500   10907 B      0   37    0   20 0.371 201.5 156.0 -13.0   8.0
2006 9 9.500   10908 B      0  419    0  240 0.487 139.8 129.0 -15.0 -19.0
2006 9 9.500   10909 B      0  147    0   80 0.387 228.3 165.0  -8.0  17.0
2006 910.500   10907 B      0   17    0   10 0.464 226.1 155.0 -12.0  20.0
2006 910.500   10908 B      0  426    0  230 0.376 164.3 129.0 -14.0  -6.0
2006 910.500   10909 B      0  131    0   80 0.573 238.9 165.0 -11.0  30.0
2006 911.500   10907 A      0   18    0   10 0.385 211.9 159.0 -12.0  12.0
2006 911.500   10908 A      0  391    0  210 0.365 199.0 129.0 -13.0   7.0
2006 911.500   10909 B      0   39    0   30 0.754 250.0 168.0 -10.0  46.0
2006 912.500   10907 A      0   11    0   10 0.808 250.7 160.0 -11.0  51.0
2006 912.500   10908 B      0  340    0  190 0.443 223.1 127.0 -12.0  18.0
2006 912.500   10909 B      0   18    0   20 0.883 255.7 169.0  -9.0  60.0
2006 913.500   10907 A      0   17    0   20 0.903 253.0 158.0 -12.0  62.0
2006 913.500   10908 B      0  293    0  190 0.634 239.2 130.0 -13.0  34.0
2006 913.500   10909 B      0   18    0   60 0.989 259.7 176.0  -9.0  80.0
2006 914.500   10908 A      0  239    0  190 0.776 246.7 130.0 -13.0  47.0
2006 914.500   10909 A      0    6    0   30 0.995 262.6 178.0  -8.0  95.0
2006 915.500   10908 A      0  163    0  180 0.890 251.4 129.0 -13.0  60.0
2006 916.500   10908 A      0   96    0  190 0.967 254.5 129.0 -13.0  73.0
2006 917.500   10908 A      0    7    0  120 1.000 256.1 133.0 -14.0  90.0
2006 918.500   10910 A      0   37    0   30 0.779 106.3 341.0  -8.0 -49.0
2006 919.500   10910 A      0   45    0   30 0.646 113.0 340.0  -9.0 -37.0
2006 920.500   10910 A      0   17    0   10 0.482 123.6 339.0  -9.0 -24.0
2006 921.500   10910 A      0   18    0   10 0.324 148.0 340.0  -9.0 -10.0
2006 922.500   10910 B      0   95    0   50 0.300 193.2 341.0 -10.0   4.0
2006 923.500   10910 B      0   36    0   20 0.418 226.7 342.0 -10.0  18.0
2006 924.500   10910 A      0   48    0   30 0.583 243.9 343.0  -9.0  32.0
2006 925.500   10910 A      0   13    0   10 0.746 252.8 343.0  -8.0  46.0
2006 926.500   10911 B      0   19    0   30 0.948  84.9 212.0   7.0 -72.0
2006 927.500   10911 A      0   20    0   20 0.853  86.0 212.0   7.0 -59.0
2006 928.500   10912 B      0   34    0   40 0.903  86.6 193.0   6.0 -65.0
2006 928.500   10913 A      0   38    0   60 0.948 111.6 190.0 -18.0 -68.0
2006 928.500   10914 A      0    9    0   20 0.971  99.0 183.0  -7.0 -75.0
2006 929.500   10912 A      0   24    0   20 0.787  91.5 193.0   3.0 -52.0
2006 929.500   10913 A      0   70    0   70 0.863 115.5 190.0 -18.0 -55.0
2006 929.500   10914 A      0   44    0   50 0.894 101.3 183.0  -7.0 -62.0
2006 929.500   10915 B      0   53    0   40 0.739 255.5 291.0  -6.0  46.0
2006 930.500   10913 BG     0   79    0   60 0.746 121.5 190.0 -18.0 -42.0
2006 930.500   10914 A      0   37    0   30 0.775 104.7 183.0  -7.0 -49.0
2006 930.500   10915 B      0   89    0   90 0.868 259.1 291.0  -6.0  59.0
200610 1.500   10913 BG     0   63    0   40 0.601 134.4 191.0 -19.0 -27.0
200610 1.500   10914 A      0   46    0   30 0.637 114.6 182.0 -10.0 -36.0
200610 1.500   10915 B      0   35    0   60 0.955 262.6 290.0  -5.0  72.0
200610 2.500   10913 A      0   87    0   50 0.486 151.9 191.0 -19.0 -14.0
200610 2.500   10914 A      0   35    0   20 0.462 127.0 183.0 -10.0 -22.0
200610 2.500   10915 B      0    3    0   30 0.998 263.6 291.0  -6.0  86.0
200610 3.500   10913 A      0   90    0   50 0.432 177.8 191.0 -19.0  -1.0
200610 3.500   10914 A      0   19    0   10 0.308 149.9 183.0  -9.0  -9.0
200610 4.500   10913 A      0   70    0   40 0.471 204.7 191.0 -19.0  12.0
200610 4.500   10914 A      0   19    0   10 0.276 194.5 183.0  -9.0   4.0
200610 5.500   10913 B      0   82    0   50 0.571 220.0 189.0 -20.0  23.0
200610 5.500   10914 A      0   18    0   10 0.412 227.6 184.0 -10.0  18.0
200610 6.500   10913 A      0   42    0   30 0.713 232.0 189.0 -21.0  37.0
200610 6.500   10914 A      0   16    0   10 0.586 239.2 183.0 -12.0  31.0
200610 7.500   10913 B      0   33    0   30 0.831 242.1 189.0 -19.0  51.0
200610 7.500   10914 A      0   26    0   20 0.754 249.4 184.0 -11.0  46.0
200610 8.500   10913 A      0   14    0   20 0.928 245.5 189.0 -20.0  64.0
200610 8.500   10914 A      0    9    0   10 0.870 252.4 183.0 -12.0  58.0
200610 9.500   10913 A      0   10    0   30 0.986 242.2 188.0 -26.0  76.0
20061010.500   10916 A      0   18    0   10 0.354 202.5 107.0 -13.0   8.0
20061019.500   10917 B      0   58    0   30 0.194 201.0 344.0  -5.0   4.0
20061020.500   10917 B      0   55    0   30 0.383 242.9 347.0  -5.0  20.0
20061021.500   10917 B      0  115    0   70 0.567 253.2 347.0  -5.0  33.0
20061022.500   10917 BG     0  272    0  200 0.732 258.2 346.0  -5.0  46.0
20061023.500   10917 BG     0  156    0  160 0.873 261.4 347.0  -5.0  60.0
20061023.500   10918 B      0   30    0   50 0.954 264.2 359.0  -4.0  72.0
20061024.500   10917 B      0   79    0  140 0.959 263.3 347.0  -5.0  73.0
20061024.500   10918 A      0    4    0   30 0.997 265.6 359.0  -4.0  85.0
20061025.500   10917 B      0   12    0  100 0.998 264.7 347.0  -5.0  86.0
20061027.500   10919 B      0   37    0   20 0.338 182.9 236.0 -15.0   1.0
20061028.500   10919 B      0   36    0   20 0.417 216.8 236.0 -15.0  15.0
20061028.500   10920 B      0   38    0  150 0.992 262.3 303.0  -7.0  82.0
20061030.500   10921 B      0   51    0   50 0.856  99.8 137.0  -6.0 -58.0
20061031.500   10921 BG     0  168    0  120 0.712 104.3 138.0  -7.0 -44.0
20061031.500   10922 B      0   29    0   30 0.871 109.9 124.0 -15.0 -58.0
200611 1.500   10921 BG     0  458    0  270 0.530 110.5 139.0  -7.0 -30.0
200611 1.500   10922 B      0   54    0   40 0.735 113.5 125.0 -14.0 -44.0
200611 2.500   10921 BG     0  699    0  370 0.324 122.3 139.0  -6.0 -16.0
200611 2.500   10922 B      0  146    0   90 0.584 121.1 124.0 -14.0 -31.0
200611 3.500   10921 BG     0  492    0  250 0.178 168.7 140.0  -6.0  -2.0
200611 3.500   10922 B      0  127    0   70 0.418 133.9 124.0 -13.0 -18.0
200611 4.500   10921 BG     0  618    0  320 0.256 227.9 140.0  -6.0  11.0
200611 4.500   10922 B      0  152    0   80 0.312 170.6 126.0 -14.0  -3.0
200611 5.500   10921 BG     0  518    0  290 0.449 243.7 140.0  -8.0  24.0
200611 5.500   10922 B      0  170    0   90 0.313 225.2 129.0  -9.0  13.0
200611 6.500   10921 BG     0  214    0  140 0.645 256.1 142.0  -6.0  39.0
200611 6.500   10922 A      0   35    0   20 0.449 243.9 127.0  -8.0  24.0
200611 7.500   10921 B      0   96    0   80 0.798 258.4 142.0  -7.0  52.0
200611 7.500   10922 A      0   15    0   10 0.647 245.0 127.0 -13.0  37.0
200611 8.500   10921 B      0   79    0  100 0.918 261.9 142.0  -6.0  66.0
200611 8.500   10922 A      0   12    0   10 0.789 251.8 126.0 -12.0  50.0
200611 8.500   10923 A      0  178    0  280 0.948  96.5   5.0  -5.0 -71.0
200611 9.500   10921 B      0   25    0   70 0.983 263.2 142.0  -6.0  79.0
200611 9.500   10923 A      0  454    0  450 0.863  99.0   4.0  -6.0 -59.0
20061110.500   10923 A      0  727    0  530 0.728 100.0   4.0  -5.0 -46.0
20061111.500   10923 A      0 1019    0  620 0.570 101.7   3.0  -4.0 -34.0
20061112.500   10923 B      0 1122    0  610 0.392 107.6   3.0  -4.0 -22.0
20061113.500   10923 B      0 1258    0  640 0.184 138.6   3.0  -5.0  -7.0
20061113.500   10924 B      0   70    0   70 0.864  99.9 311.0  -7.0 -59.0
20061114.500   10923 B      0 1302    0  660 0.161 212.6   2.0  -5.0   5.0
20061114.500   10924 B      0   56    0   40 0.710 104.2 313.0  -8.0 -44.0
20061114.500   10925 A      0  121    0  100 0.795  99.7 305.0  -6.0 -52.0
20061115.500   10923 B      0 1135    0  610 0.365 248.9   4.0  -5.0  20.0
20061115.500   10924 B      0   52    0   30 0.499 111.2 316.0  -8.0 -28.0
20061115.500   10925 B      0   62    0   40 0.626 101.4 306.0  -5.0 -38.0
20061116.500   10923 B      0  963    0  580 0.557 257.1   3.0  -5.0  33.0
20061116.500   10924 B      0   94    0   50 0.328 123.7 315.0  -8.0 -16.0
20061116.500   10925 A      0  106    0   60 0.455 106.3 305.0  -5.0 -26.0
20061117.500   10923 B      0  675    0  510 0.749 261.1   6.0  -5.0  48.0
20061117.500   10924 B      0   78    0   40 0.182 180.0 318.0  -8.0   0.0
20061117.500   10925 A      0   38    0   20 0.230 124.2 307.0  -5.0 -11.0
20061118.500   10923 B      0  488    0  510 0.878 263.0   6.0  -5.0  61.0
20061118.500   10924 A      0   56    0   30 0.322 232.6 320.0  -9.0  15.0
20061118.500   10925 B      0   78    0   40 0.162 180.0 305.0  -7.0   0.0
20061119.500   10923 A      0  276    0  510 0.963 264.2   5.0  -5.0  74.0
20061119.500   10924 B      0   33    0   20 0.529 249.0 321.0  -9.0  30.0
20061119.500   10925 A      0   38    0   20 0.295 228.9 305.0  -9.0  13.0
20061120.500   10923 A      0   19    0  310 1.000 263.9   6.0  -6.0  88.0
20061120.500   10924 A      0   28    0   20 0.698 254.8 321.0  -9.0  43.0
20061120.500   10925 A      0   17    0   10 0.476 251.1 305.0  -7.0  27.0
20061121.500   10924 A      0   10    0   10 0.837 257.9 321.0  -9.0  56.0
20061125.500   10926 A      0  148    0  260 0.958  98.8 140.0  -8.0 -73.0
20061126.500   10926 A      0  157    0  160 0.871 100.0 140.0  -8.0 -60.0
20061127.500   10926 B      0  336    0  250 0.740 102.0 140.0  -8.0 -47.0
20061127.500   10927 B      0   30    0   30 0.858  81.4 128.0   8.0 -59.0
20061128.500   10926 B      0  273    0  170 0.596 108.5 139.0 -10.0 -35.0
20061128.500   10927 B      0   96    0   70 0.726  77.2 128.0  10.0 -46.0
20061129.500   10926 B      0  389    0  210 0.372 120.6 141.0 -10.0 -19.0
20061129.500   10927 B      0  201    0  120 0.546  73.0 128.0  10.0 -32.0
20061130.500   10926 B      0  388    0  200 0.243 140.7 138.0 -10.0  -9.0
20061130.500   10927 B      0  224    0  120 0.358  63.5 128.0  10.0 -19.0
20061130.500   10928 B      0   33    0   20 0.543 255.7 179.0  -7.0  32.0
200612 1.500   10926 B      0  334    0  170 0.182 202.2 138.0  -9.0   4.0
200612 1.500   10927 B      0  216    0  110 0.177  35.6 128.0   9.0  -6.0
200612 1.500   10928 B      0   41    0   30 0.716 258.1 179.0  -8.0  45.0
200612 2.500   10926 BG     0  375    0  200 0.348 241.4 140.0  -9.0  18.0
200612 2.500   10927 B      0  117    0   60 0.201 316.8 129.0   9.0   8.0
200612 2.500   10928 A      0   20    0   20 0.851 261.4 179.0  -7.0  58.0
200612 3.500   10926 BG     0  320    0  180 0.454 246.5 133.0 -10.0  25.0
200612 3.500   10927 B      0  111    0   60 0.379 290.4 129.0   8.0  21.0
200612 3.500   10928 A      0   12    0   20 0.952 262.5 180.0  -7.0  72.0
200612 4.500   10926 B      0  143    0  100 0.695 255.2 138.0 -10.0  43.0
200612 4.500   10927 A      0   97    0   60 0.584 283.3 130.0   8.0  35.0
200612 4.500   10929 B      0   23    0   30 0.921  88.0  28.0   2.0 -67.0
200612 5.500   10926 B      0  150    0  140 0.843 259.2 138.0  -9.0  57.0
200612 5.500   10927 A      0  101    0   80 0.771 280.2 131.0   8.0  50.0
200612 5.500   10929 B      0   11    0   10 0.809  86.4  27.0   3.0 -54.0
200612 5.500   10930 B      0  239    0  390 0.952  96.4   9.0  -6.0 -72.0
200612 6.500   10926 B      0   47    0   70 0.941 261.5 138.0  -8.0  70.0
200612 6.500   10927 A      0   55    0   60 0.885 279.0 130.0   8.0  62.0
200612 6.500   10930 BGD    0  488    0  490 0.867  95.8   8.0  -5.0 -60.0
200612 7.500   10926 B      0    5    0   20 0.990 261.9 137.0  -8.0  82.0
200612 7.500   10927 A      0   33    0   70 0.971 277.2 131.0   7.0  76.0
200612 7.500   10930 BGD    0  604    0  430 0.711  98.4  10.0  -6.0 -45.0
200612 8.500   10927 A      0    3    0   50 0.999 278.0 130.0   8.0  88.0
200612 8.500   10930 BG     0  709    0  420 0.535  99.1  10.0  -5.0 -32.0
200612 9.500   10930 B      0  717    0  380 0.331 101.3  10.0  -4.0 -19.0
20061210.500   10930 BGD    0  872    0  440 0.131 127.4   9.0  -5.0  -6.0
20061211.500   10930 BGD    0  949    0  480 0.144 237.4   9.0  -5.0   7.0
20061212.500   10930 BGD    0 1264    0  680 0.368 255.3  10.0  -6.0  21.0
20061213.500   10930 BGD    0 1121    0  670 0.548 262.1   9.0  -5.0  33.0
20061214.500   10930 BGD    0  844    0  620 0.733 264.0  10.0  -5.0  47.0
20061215.500   10930 BGD    0  565    0  550 0.858 263.6   9.0  -6.0  59.0
20061216.500   10930 BGD    0  297    0  480 0.951 264.1   7.0  -6.0  72.0
20061217.500   10930 BGD    0   17    0  230 0.999 264.0  10.0  -6.0  88.0
20061225.500   10931 A      0   11    0   10 0.819  98.1 122.0  -8.0 -55.0
20061225.500   10932 B      0   32    0   20 0.576  98.9 142.0  -7.0 -35.0
20061226.500   10931 A      0   15    0   10 0.632  99.7 125.0  -8.0 -39.0
20061226.500   10932 B      0   37    0   20 0.365 103.0 143.0  -7.0 -21.0
20061227.500   10931 A      0   17    0   10 0.458 100.3 123.0  -7.0 -27.0
20061227.500   10932 B      0   19    0   10 0.168 124.7 142.0  -8.0  -8.0
20061230.500   10933 A      0   25    0   60 0.978  93.5  33.0  -4.0 -78.0
20061231.500   10933 B      0  171    0  210 0.913  91.9  32.0  -3.0 -66.0
20061231.500   10934 B      0   43    0   50 0.901  84.1  34.0   4.0 -64.0
