2010 1 1.500   11039 B      0  180    0  120 0.657 231.1  54.0 -27.0  35.0
2010 1 2.500   11039 B      0  242    0  190 0.769 235.7  52.0 -28.0  46.0
2010 1 3.500   11039 B      0  210    0  220 0.878 238.6  52.0 -29.0  59.0
2010 1 4.500   11039 B      0   89    0  150 0.954 241.7  52.0 -28.0  72.0
2010 1 5.500   11039 B      0    0    0   90 1.000 241.0  56.0 -29.0  90.0
2010 1 7.500   11040 B      0   67    0   80 0.906  56.6 241.0  28.0 -59.0
2010 1 8.500   11040 B      0   44    0   40 0.827  50.6 240.0  29.0 -47.0
2010 1 9.500   11040 B      0   94    0   70 0.740  42.1 239.0  30.0 -35.0
2010 110.500   11040 B      0  204    0  130 0.619  25.6 243.0  30.0 -18.0
2010 111.500   11040 B      0  493    0  300 0.568  15.5 237.0  29.0 -10.0
2010 112.500   11040 B      0  505    0  300 0.539 353.4 238.0  28.0   4.0
2010 113.500   11040 B      0  628    0  380 0.562 342.5 236.0  28.0  11.0
2010 114.500   11040 B      0  420    0  290 0.689 320.2 238.0  28.0  30.0
2010 115.500   11040 B      0  432    0  350 0.786 313.1 236.0  29.0  41.0
2010 116.500   11040 B      0  251    0  290 0.901 305.5 239.0  29.0  57.0
2010 117.500   11040 B      0   62    0  160 0.981 301.9 242.0  30.0  74.0
2010 118.500   11040 B      0   21    0  140 0.997 296.6 238.0  26.0  83.0
2010 120.500   11041 B      0   28    0   60 0.971 114.5  52.0 -25.0 -77.0
2010 121.500   11041 B      0  181    0  190 0.878 114.5  55.0 -24.0 -61.0
2010 122.500   11041 B      0  247    0  200 0.785 117.8  52.0 -25.0 -50.0
2010 122.500   11042 B      0   62    0   40 0.625 315.9 130.0  22.0  28.0
2010 123.500   11041 B      0  297    0  190 0.622 122.5  54.0 -24.0 -35.0
2010 123.500   11042 B      0  247    0  190 0.759 305.2 131.0  22.0  42.0
2010 124.500   11041 B      0  297    0  170 0.482 132.3  53.0 -24.0 -23.0
2010 124.500   11042 B      0  155    0  160 0.874 297.7 132.0  21.0  56.0
2010 125.500   11041 B      0   92    0   50 0.384 150.6  52.0 -25.0 -12.0
2010 125.500   11042 B      0   24    0   50 0.969 290.2 137.0  18.0  73.0
2010 126.500   11041 B      0  113    0   60 0.318 188.6  53.0 -24.0   3.0
2010 126.500   11042 A      0    8    0   90 0.999 288.3 136.0  18.0  86.0
2010 127.500   11041 B      0   72    0   40 0.417 216.9  53.0 -25.0  16.0
2010 128.500   11041 A      0   48    0   30 0.596 233.0  55.0 -26.0  32.0
2010 129.500   11041 B      0   28    0   20 0.709 237.2  52.0 -27.0  42.0
2010 130.500   11041 A      0   10    0   10 0.856 242.0  55.0 -27.0  58.0
2010 130.500   11043 B      0   54    0   40 0.734  44.1 322.0  27.0 -35.0
2010 131.500   11043 B      0   93    0   60 0.627  36.0 320.0  25.0 -24.0
2010 2 1.500   11043 B      0  117    0   70 0.539  17.0 321.0  25.0 -10.0
2010 2 2.500   11043 A      0   85    0   50 0.523 351.3 322.0  25.0   5.0
2010 2 3.500   11043 A      0   81    0   50 0.585 331.4 322.0  25.0  18.0
2010 2 4.500   11043 A      0   28    0   20 0.713 316.7 324.0  26.0  33.0
2010 2 5.500   11043 A      0   21    0   20 0.843 303.9 328.0  24.0  50.0
2010 2 5.500   11044 A      0   14    0   10 0.683 305.1 314.0  18.0  36.0
2010 2 6.500   11043 A      0   15    0   20 0.927 300.3 327.0  25.0  62.0
2010 2 6.500   11045 BG     0  482    0  290 0.556  25.2 250.0  24.0 -15.0
2010 2 7.500   11043 A      0    4    0   10 0.975 295.4 325.0  23.0  73.0
2010 2 7.500   11045 BG     0  556    0  320 0.493 358.1 253.0  23.0   1.0
2010 2 7.500   11046 B      0   19    0   30 0.943  60.6 187.0  25.0 -65.0
2010 2 8.500   11045 BGD    0  697    0  420 0.558 331.2 256.0  23.0  17.0
2010 2 8.500   11046 B      0   30    0   30 0.859  57.0 186.0  24.0 -52.0
2010 2 8.500   11047 A      0    7    0   10 0.934 103.6 169.0 -15.0 -70.0
2010 2 9.500   11045 BGD    0  465    0  300 0.630 320.1 252.0  23.0  26.0
2010 2 9.500   11046 B      0   12    0   10 0.779  51.7 184.0  24.0 -42.0
2010 2 9.500   11047 A      0    9    0   10 0.869 105.8 165.0 -17.0 -61.0
2010 210.500   11045 B      0  322    0  240 0.740 308.0 252.0  22.0  39.0
2010 210.500   11046 B      0  196    0  130 0.657  40.8 185.0  24.0 -28.0
2010 210.500   11047 A      0   14    0   10 0.687 109.2 170.0 -18.0 -43.0
2010 211.500   11045 B      0  157    0  150 0.852 301.0 252.0  22.0  52.0
2010 211.500   11046 BG     0  318    0  190 0.547  25.8 185.0  23.0 -15.0
2010 212.500   11045 BG     0   69    0   90 0.922 293.9 251.0  19.0  63.0
2010 212.500   11046 BG     0  223    0  130 0.511   0.0 185.0  24.0   0.0
2010 213.500   11045 B      0   55    0  100 0.961 297.4 242.0  24.0  69.0
2010 213.500   11046 B      0  221    0  130 0.525 340.5 184.0  23.0  11.0
2010 214.500   11046 B      0  110    0   70 0.618 324.7 183.0  24.0  23.0
2010 214.500   11048 B      0    7    0   10 0.930  65.3  96.0  20.0 -64.0
2010 215.500   11046 B      0   54    0   40 0.729 312.5 183.0  24.0  36.0
2010 215.500   11048 B      0   11    0   10 0.833  59.1  97.0  21.0 -50.0
2010 216.500   11046 B      0   44    0   40 0.829 302.5 183.0  22.0  49.0
2010 216.500   11048 B      0   14    0   10 0.689  49.3 100.0  21.0 -34.0
2010 217.500   11046 A      0   26    0   30 0.897 298.7 179.0  22.0  58.0
2010 217.500   11048 A      0   16    0   10 0.585  40.8  97.0  20.0 -24.0
2010 217.500   11049 B      0   78    0   40 0.211 171.0 119.0 -19.0  -2.0
2010 218.500   11049 B      0  114    0   60 0.300 225.2 121.0 -19.0  13.0
2010 219.500   11049 B      0  106    0   60 0.455 241.4 120.0 -19.0  25.0
2010 220.500   11049 B      0   93    0   60 0.626 248.3 120.0 -19.0  38.0
2010 221.500   11049 B      0   60    0   50 0.795 252.7 121.0 -18.0  53.0
2010 222.500   11049 B      0   16    0   20 0.913 253.4 122.0 -18.0  67.0
2010 223.500   11049 B      0    4    0   10 0.972 253.1 120.0 -18.0  78.0
2010 223.500   11050 B      0   38    0   20 0.275 226.0  54.0 -18.0  12.0
2010 224.500   11049 B      0    0    0   10 1.000 251.0 120.0 -19.0  91.0
2010 224.500   11050 B      0   17    0   10 0.481 243.1  55.0 -19.0  27.0
2010 224.500   11051 B      0   69    0  100 0.937  68.8 322.0  17.0 -66.0
2010 225.500   11050 B      0   30    0   20 0.651 249.1  55.0 -19.0  40.0
2010 225.500   11051 B      0   10    0   10 0.850  66.1 321.0  16.0 -54.0
2010 226.500   11050 B      0   37    0   30 0.786 251.4  54.0 -19.0  52.0
2010 226.500   11051 B      0   55    0   40 0.723  61.2 321.0  15.0 -41.0
2010 227.500   11050 A      0    0    0    0 0.892 253.4  53.0 -18.0  64.0
2010 227.500   11051 B      0   49    0   30 0.570  50.2 322.0  15.0 -27.0
2010 228.500   11051 A      0   18    0   10 0.426  28.1 324.0  15.0 -12.0
2010 3 1.500   11050 A      0    0    0    0 0.495 250.2 352.0 -16.0  29.0
2010 3 1.500   11051 A      0   18    0   10 0.395 357.6 323.0  16.0   1.0
2010 3 1.500   11052 B      0   35    0   20 0.462 244.5 348.0 -18.0  26.0
2010 3 1.500   11053 B      0   30    0   20 0.636 243.9 360.0 -22.0  38.0
2010 3 2.500   11051 A      0   17    0   10 0.455 329.3 323.0  16.0  14.0
2010 3 2.500   11052 B      0   30    0   20 0.660 250.9 350.0 -18.0  41.0
2010 3 2.500   11053 B      0   37    0   30 0.781 246.3 360.0 -23.0  51.0
2010 3 3.500   11051 A      0   16    0   10 0.582 308.8 324.0  15.0  28.0
2010 3 3.500   11052 B      0   11    0   10 0.823 254.3 352.0 -17.0  56.0
2010 3 3.500   11053 B      0    9    0   10 0.878 248.8 358.0 -22.0  62.0
2010 3 4.500   11051 A      0   13    0   10 0.729 300.1 324.0  16.0  41.0
2010 3 4.500   11052 B      0   28    0   40 0.932 254.5 353.0 -17.0  70.0
2010 3 4.500   11053 B      0   20    0   40 0.967 249.1 360.0 -22.0  77.0
2010 3 5.500   11051 A      0   10    0   10 0.842 294.3 323.0  16.0  53.0
2010 3 5.500   11052 B      0    3    0   10 0.986 254.9 352.0 -16.0  82.0
2010 3 5.500   11053 A      0    1    0   10 0.998 248.3 359.0 -22.0  89.0
2010 310.500   11054 B      0   10    0   10 0.856  71.3 148.0  12.0 -56.0
2010 311.500   11054 B      0  146    0  110 0.744  62.3 148.0  15.0 -43.0
2010 311.500   11055 B      0   55    0   30 0.365 220.8 206.0 -23.0  15.0
2010 312.500   11054 B      0  306    0  190 0.592  52.2 148.0  15.0 -29.0
2010 312.500   11055 B      0   51    0   30 0.513 234.0 204.0 -24.0  27.0
2010 313.500   11054 BG     0  411    0  230 0.449  33.8 149.0  15.0 -15.0
2010 314.500   11054 BG     0  428    0  230 0.361   2.7 149.0  14.0  -1.0
2010 315.500   11054 BG     0  434    0  240 0.427 326.7 151.0  14.0  14.0
2010 316.500   11054 B      0  150    0   90 0.548 311.8 149.0  15.0  25.0
2010 317.500   11054 B      0  102    0   70 0.680 301.2 148.0  15.0  37.0
2010 317.500   11056 B      0   24    0   20 0.792  62.1  64.0  17.0 -47.0
2010 318.500   11054 B      0   41    0   40 0.858 293.4 153.0  16.0  55.0
2010 318.500   11056 B      0   74    0   50 0.668  52.8  64.0  18.0 -34.0
2010 319.500   11054 A      0    5    0   10 0.961 288.9 156.0  16.0  71.0
2010 319.500   11056 B      0   16    0   10 0.547  40.7  63.0  18.0 -22.0
2010 320.500   11054 A      0    1    0   10 0.995 286.9 154.0  16.0  82.0
2010 320.500   11056 B      0   53    0   30 0.438  15.4  65.0  18.0  -7.0
2010 321.500   11056 B      0  126    0   70 0.433 346.7  65.0  18.0   6.0
2010 322.500   11056 B      0   83    0   50 0.547 321.8  67.0  19.0  21.0
2010 323.500   11056 B      0    7    0    5 0.666 307.1  66.0  18.0  34.0
2010 323.500   11057 B      0    2    0    5 0.969  71.5 319.0  16.0 -73.0
2010 324.500   11057 BG     0  234    0  240 0.873  67.4 322.0  16.0 -57.0
2010 325.500   11057 B      0  518    0  400 0.762  63.7 321.0  15.0 -45.0
2010 325.500   11058 A      0    1    0    1 0.564 350.5  12.0  27.0   6.0
2010 326.500   11057 B      0  512    0  320 0.600  53.6 323.0  15.0 -30.0
2010 326.500   11058 A      0    7    0    5 0.613 328.0  14.0  25.0  21.0
2010 327.500   11057 B      0  677    0  380 0.453  36.0 324.0  15.0 -16.0
2010 327.500   11059 A      0   74    0  120 0.950 109.9 267.0 -21.0 -73.0
2010 328.500   11057 B      0  760    0  410 0.375  10.3 322.0  15.0  -4.0
2010 328.500   11059 A      0   97    0  100 0.872 111.5 265.0 -22.0 -61.0
2010 329.500   11057 B      0  530    0  290 0.404 335.4 324.0  15.0  10.0
2010 329.500   11059 A      0  197    0  150 0.754 114.9 265.0 -23.0 -48.0
2010 330.500   11057 B      0  447    0  260 0.510 314.8 322.0  15.0  22.0
2010 330.500   11059 A      0  203    0  130 0.620 119.2 264.0 -23.0 -36.0
2010 331.500   11057 B      0  375    0  250 0.660 303.4 322.0  16.0  35.0
2010 331.500   11059 A      0  124    0   70 0.455 127.2 264.0 -22.0 -23.0
2010 4 1.500   11057 B      0  246    0  190 0.760 296.1 320.0  15.0  45.0
2010 4 1.500   11059 A      0   94    0   50 0.314 149.1 264.0 -22.0 -10.0
2010 4 2.500   11057 A      0  230    0  250 0.887 291.8 320.0  16.0  59.0
2010 4 2.500   11059 B      0   76    0   40 0.290 189.6 264.0 -23.0   3.0
2010 4 3.500   11057 A      0  106    0  200 0.964 288.6 319.0  16.0  72.0
2010 4 3.500   11059 A      0   93    0   50 0.364 221.3 262.0 -22.0  15.0
2010 4 4.500   11057 A      0   11    0   90 0.998 286.6 318.0  16.0  84.0
2010 4 4.500   11059 A      0   51    0   30 0.526 235.3 262.0 -23.0  28.0
2010 4 4.500   11060 B      0   78    0   90 0.900  59.4 176.0  24.0 -58.0
2010 4 5.500   11059 A      0   44    0   30 0.677 239.4 261.0 -25.0  40.0
2010 4 5.500   11060 B      0   70    0   60 0.807  52.6 176.0  25.0 -45.0
2010 4 5.500   11061 B      0   92    0   50 0.391 331.7 232.0  14.0  11.0
2010 4 6.500   11059 A      0   12    0   10 0.790 243.0 259.0 -25.0  51.0
2010 4 6.500   11060 B      0   42    0   30 0.704  42.6 176.0  26.0 -32.0
2010 4 6.500   11061 B      0  188    0  110 0.518 310.4 232.0  14.0  24.0
2010 4 7.500   11060 A      0   16    0   10 0.545  23.9 181.0  24.0 -14.0
2010 4 7.500   11061 B      0  101    0   70 0.685 296.4 234.0  13.0  39.0
2010 4 8.500   11060 A      0    0    0    0 0.516   0.0 181.0  25.0   0.0
2010 4 8.500   11061 B      0   56    0   50 0.823 291.6 233.0  14.0  52.0
2010 4 9.500   11061 A      0   25    0   40 0.946 286.0 237.0  13.0  69.0
2010 410.500   11061 A      0    1    0   10 0.995 283.7 238.0  13.0  83.0
2010 412.500   11062 B      0   19    0   10 0.228 201.3 134.0 -18.0   5.0
2010 413.500   11062 B      0   36    0   20 0.392 236.0 135.0 -18.0  20.0
2010 414.500   11062 B      0   16    0   10 0.580 246.5 136.0 -18.0  34.0
2010 428.500   11063 B      0   18    0   10 0.417  33.9 264.0  16.0 -14.0
2010 430.500   11064 B      0   33    0   20 0.555  54.8 223.0  15.0 -28.0
2010 5 1.500   11064 B      0   18    0   10 0.422  36.2 223.0  16.0 -15.0
2010 5 2.500   11064 A      0    0    0    0 0.326   5.9 223.0  15.0  -2.0
2010 5 2.500   11065 A      0    0    0    0 0.527 206.3 241.0 -32.0  16.0
2010 5 2.500   11066 A      0    0    0    0 0.464 148.1 209.0 -27.0 -16.0
2010 5 2.500   11067 B      0   20    0   20 0.866  60.5 170.0  23.0 -55.0
2010 5 3.500   11063 B      0   11    0   10 0.826 294.9 264.0  18.0  52.0
2010 5 3.500   11065 A      0    0    0    0 0.631 220.6 241.0 -32.0  29.0
2010 5 3.500   11066 B      0   36    0   20 0.401 168.8 207.0 -27.0  -5.0
2010 5 3.500   11067 B      0   27    0   20 0.717  52.3 174.0  23.0 -38.0
2010 5 3.500   11068 A      0    0    0    0 0.968 108.6 135.0 -19.0 -76.0
2010 5 4.500   11063 B      0    7    0   10 0.931 291.0 264.0  18.0  66.0
2010 5 4.500   11066 B      0   18    0   10 0.395 196.1 205.0 -26.0   7.0
2010 5 4.500   11067 B      0   32    0   20 0.581  40.1 174.0  23.0 -24.0
2010 5 4.500   11068 B      0    8    0   10 0.908 109.2 133.0 -19.0 -65.0
2010 5 4.500   11069 BG     0   61    0   50 0.787 334.6 225.0  42.0  27.0
2010 5 5.500   11063 B      0    2    0   10 0.989 288.8 264.0  18.0  80.0
2010 5 5.500   11066 A      0   17    0   10 0.511 221.2 206.0 -26.0  22.0
2010 5 5.500   11067 B      0   17    0   10 0.492  24.9 171.0  23.0 -13.0
2010 5 5.500   11068 A      0   11    0   10 0.821 113.1 130.0 -21.0 -54.0
2010 5 5.500   11069 BG     0  181    0  170 0.845 324.9 224.0  41.0  40.0
2010 5 5.500   11070 B      0   17    0   10 0.436 342.7 192.0  21.0   8.0
2010 5 6.500   11067 B      0   17    0   10 0.449   6.2 168.0  23.0  -3.0
2010 5 6.500   11068 B      0   14    0   10 0.685 115.8 130.0 -20.0 -41.0
2010 5 6.500   11069 BG     0   68    0   80 0.905 320.3 222.0  42.0  51.0
2010 5 7.500   11068 A      0    0    0    0 0.522 121.8 130.0 -19.0 -28.0
2010 5 7.500   11069 B      0   15    0   30 0.968 315.0 225.0  42.0  67.0
2010 5 8.500   11069 B      0    7    0   30 0.993 312.0 223.0  41.0  78.0
2010 5 8.500   11071 A      0    0    0    0 0.697 244.4 187.0 -20.0  42.0
2010 521.500   11072 B      0   56    0   30 0.338 136.6 319.0 -16.0 -14.0
2010 522.500   11072 B      0  191    0  100 0.281 151.6 312.0 -16.0  -8.0
2010 523.500   11072 B      0  249    0  130 0.277 213.1 315.0 -15.0   9.0
2010 524.500   11072 B      0  162    0   90 0.432 236.9 315.0 -15.0  22.0
2010 525.500   11072 B      0   94    0   60 0.616 247.1 316.0 -15.0  36.0
2010 526.500   11072 A      0   57    0   50 0.818 242.5 319.0 -23.0  52.0
2010 527.500   11072 A      0   32    0   40 0.911 254.0 318.0 -15.0  65.0
2010 528.500   11072 B      0   16    0   45 0.982 254.9 319.0 -15.0  79.0
2010 529.500   11073 B      0   31    0   20 0.607  67.0 192.0  13.0 -35.0
2010 529.500   11074 B      0   10    0   10 0.860 292.8 284.0  19.0  57.0
2010 529.500   11075 B      0   37    0   20 0.329 185.7 229.0 -20.0   2.0
2010 530.500   11073 B      0   36    0   20 0.422  55.8 193.0  13.0 -21.0
2010 530.500   11074 A      0    5    0   10 0.957 288.0 286.0  17.0  72.0
2010 530.500   11075 B      0   18    0   10 0.419 218.1 230.0 -20.0  16.0
2010 531.500   11073 B      0   19    0   10 0.267  35.0 192.0  12.0  -9.0
2010 531.500   11075 A      0    0    0    0 0.593 237.7 233.0 -19.0  32.0
2010 531.500   11076 B      0   37    0   20 0.335 159.9 194.0 -19.0  -7.0
2010 6 1.500   11076 B      0   37    0   20 0.348 196.4 193.0 -20.0   6.0
2010 6 2.500   11076 B      0   70    0   40 0.477 228.0 196.0 -19.0  22.0
2010 6 3.500   11076 B      0  299    0  190 0.614 222.9 189.0 -27.0  28.0
2010 6 4.500   11076 B      0   86    0   70 0.784 245.6 197.0 -19.0  49.0
2010 6 5.500   11076 B      0   13    0   15 0.889 248.5 196.0 -19.0  61.0
2010 6 5.500   11077 A      0   12    0   10 0.768 296.5 181.0  20.0  47.0
2010 6 6.500   11076 B      0   46    0   90 0.966 250.3 195.0 -19.0  74.0
2010 6 7.500   11076 B      0    2    0   20 0.998 250.9 193.0 -19.0  86.0
2010 6 8.500   11078 B      0  104    0   80 0.757 240.0 140.0 -22.0  45.0
2010 6 9.500   11078 BG     0  166    0  180 0.886 245.9 141.0 -21.0  60.0
2010 6 9.500   11079 B      0   14    0   10 0.690 230.0 117.0 -26.0  36.0
2010 610.500   11078 B      0  106    0  200 0.964 247.0 141.0 -22.0  73.0
2010 610.500   11079 A      0    0    0    0 0.859 238.9 123.0 -26.0  55.0
2010 610.500   11080 B      0   14    0   10 0.714 233.0 107.0 -25.0  39.0
2010 611.500   11078 A      0    0    0    5 0.998 247.9 141.0 -22.0  86.0
2010 611.500   11080 B      0  107    0  100 0.844 241.9 109.0 -23.0  54.0
2010 611.500   11081 B      0   68    0   50 0.731 300.1  98.0  22.0  43.0
2010 612.500   11079 B      0    2    0   10 0.993 245.7 123.0 -24.0  82.0
2010 612.500   11080 B      0   35    0   50 0.935 245.0 108.0 -23.0  67.0
2010 612.500   11081 B      0   78    0   80 0.872 297.3  99.0  24.0  58.0
2010 613.500   11079 A      0    1    0   10 0.996 247.0 124.0 -23.0  95.0
2010 613.500   11080 A      0    3    0   10 0.980 245.3 105.0 -24.0  77.0
2010 613.500   11081 B      0   40    0   90 0.974 294.5 104.0  24.0  76.0
2010 614.500   11081 B      0    1    0   10 0.997 295.0 101.0  25.0  86.0
2010 617.500   11082 B      0   15    0   10 0.659  46.8 303.0  28.0 -33.0
2010 618.500   11082 A      0   16    0   10 0.567  35.3 300.0  29.0 -22.0
2010 619.500   11082 B      0   17    0   10 0.484  18.3 299.0  29.0 -10.0
2010 619.500   11083 B      0   17    0   10 0.464 310.3 331.0  19.0  22.0
2010 620.500   11082 B      0   54    0   30 0.434 349.7 305.0  27.0   5.0
2010 621.500   11082 B      0   66    0   40 0.551 320.8 307.0  27.0  23.0
2010 622.500   11082 B      0   43    0   30 0.681 307.4 307.0  26.0  37.0
2010 623.500   11082 B      0   22    0   20 0.822 300.5 308.0  26.0  52.0
2010 624.500   11082 B      0    7    0   10 0.919 298.5 308.0  27.0  65.0
2010 625.500   11082 A      0    0    0    0 0.976 296.1 307.0  26.0  77.0
2010 627.500   11084 A      0   84    0   90 0.882 113.2 145.0 -19.0 -59.0
2010 628.500   11084 A      0  115    0   90 0.768 117.6 144.0 -19.0 -46.0
2010 629.500   11084 A      0  153    0  100 0.641 124.5 143.0 -19.0 -34.0
2010 629.500   11085 B      0   16    0   10 0.571 221.0 201.0 -23.0  24.0
2010 630.500   11084 A      0  192    0  110 0.482 140.3 145.0 -19.0 -19.0
2010 7 1.500   11084 A      0  202    0  110 0.392 162.9 144.0 -19.0  -7.0
2010 7 2.500   11084 A      0  182    0  100 0.404 194.1 143.0 -20.0   6.0
2010 7 3.500   11084 A      0  262    0  150 0.485 219.4 143.0 -19.0  19.0
2010 7 4.500   11084 A      0  171    0  110 0.624 233.4 143.0 -19.0  32.0
2010 7 5.500   11084 A      0  127    0  100 0.772 241.8 143.0 -19.0  46.0
2010 7 5.500   11086 B      0   11    0   10 0.808 289.8 151.0  18.0  53.0
2010 7 6.500   11084 A      0  102    0  110 0.885 246.3 143.0 -19.0  59.0
2010 7 6.500   11086 B      0    8    0   10 0.907 288.2 150.0  18.0  65.0
2010 7 7.500   11084 A      0   57    0  100 0.958 248.9 143.0 -19.0  71.0
2010 7 7.500   11086 A      0    4    0   10 0.976 287.6 150.0  18.0  78.0
2010 7 8.500   11084 A      0    4    0   50 0.999 250.8 144.0 -19.0  86.0
2010 7 9.500   11087 B      0   18    0   30 0.949  72.3 332.0  18.0 -72.0
2010 710.500   11087 B      0  107    0  100 0.844  70.0 334.0  19.0 -57.0
2010 711.500   11087 B      0  168    0  120 0.713  67.2 334.0  19.0 -44.0
2010 712.500   11087 BD     0  216    0  130 0.554  57.4 335.0  21.0 -30.0
2010 713.500   11087 B      0  126    0   70 0.433  47.5 332.0  21.0 -20.0
2010 713.500   11088 A      0   17    0   10 0.467 155.5 340.0 -21.0 -12.0
2010 714.500   11087 BG     0  190    0  100 0.300  25.8 331.0  20.0  -8.0
2010 715.500   11087 BG     0  115    0   60 0.265 341.9 330.0  19.0   5.0
2010 716.500   11087 BG     0   91    0   50 0.408 311.5 331.0  20.0  19.0
2010 717.500   11087 A      0   32    0   20 0.599 303.1 332.0  23.0  33.0
2010 718.500   11087 A      0   12    0   10 0.766 297.6 334.0  24.0  48.0
2010 719.500   11087 A      0    9    0   10 0.874 286.8 334.0  17.0  61.0
2010 719.500   11089 B      0   72    0  130 0.960 115.7 203.0 -23.0 -70.0
2010 720.500   11087 A      0    4    0   10 0.975 285.3 337.0  16.0  78.0
2010 720.500   11089 B      0  134    0  150 0.894 120.0 201.0 -24.0 -58.0
2010 721.500   11087 A      0    2    0   10 0.994 287.6 331.0  18.0  85.0
2010 721.500   11089 B      0  370    0  310 0.802 125.0 200.0 -24.0 -46.0
2010 722.500   11089 B      0  352    0  240 0.679 132.4 200.0 -23.0 -33.0
2010 723.500   11089 B      0  327    0  200 0.575 147.1 200.0 -24.0 -20.0
2010 724.500   11089 B      0  280    0  160 0.483 168.5 201.0 -23.0  -6.0
2010 724.500   11090 A      0    0    0    0 0.853  66.2 149.0  23.0 -58.0
2010 725.500   11089 B      0  241    0  140 0.505 194.6 202.0 -24.0   8.0
2010 725.500   11090 B      0   14    0   10 0.708  62.5 151.0  23.0 -43.0
2010 726.500   11089 B      0  162    0  100 0.585 214.0 201.0 -24.0  21.0
2010 726.500   11090 A      0    0    0    0 0.538  56.6 151.0  22.0 -29.0
2010 726.500   11091 A      0    0    0    0 0.953 280.9 253.0  12.0  73.0
2010 727.500   11089 B      0   98    0   70 0.708 227.7 202.0 -24.0  35.0
2010 728.500   11089 B      0  102    0   90 0.822 235.6 202.0 -24.0  48.0
2010 728.500   11092 B      0   93    0  180 0.966  74.9  78.0  16.0 -76.0
2010 729.500   11089 B      0  108    0  140 0.922 241.0 202.0 -24.0  62.0
2010 729.500   11092 B      0  193    0  210 0.887  77.1  77.0  14.0 -63.0
2010 730.500   11089 B      0   18    0   40 0.973 244.7 200.0 -23.0  73.0
2010 730.500   11092 B      0  223    0  170 0.754  75.1  79.0  15.0 -49.0
2010 731.500   11092 A      0  375    0  230 0.577  75.6  79.0  13.0 -35.0
2010 8 1.500   11092 A      0  538    0  290 0.373  69.5  79.0  13.0 -21.0
2010 8 2.500   11092 B      0  543    0  280 0.243  43.4  76.0  16.0 -10.0
2010 8 3.500   11092 B      0  374    0  190 0.170 336.7  77.0  15.0   4.0
2010 8 4.500   11092 B      0  344    0  180 0.288 299.4  75.0  14.0  15.0
2010 8 4.500   11093 B      0   86    0  100 0.902  81.8 355.0  10.0 -65.0
2010 8 5.500   11092 A      0  334    0  200 0.548 284.4  80.0  13.0  33.0
2010 8 5.500   11093 B      0  182    0  170 0.843  80.9 348.0  11.0 -58.0
2010 8 5.500   11094 B      0   52    0   50 0.853 295.6 104.0  25.0  58.0
2010 8 5.500   11095 B      0   12    0   10 0.782 118.9   0.0 -18.0 -46.0
2010 8 6.500   11092 A      0  293    0  210 0.716 280.7  79.0  12.0  46.0
2010 8 6.500   11093 B      0  255    0  180 0.704  79.2 348.0  12.0 -45.0
2010 8 6.500   11094 B      0   20    0   30 0.941 295.4 104.0  26.0  71.0
2010 8 6.500   11095 A      0   14    0   10 0.668 127.7 359.0 -19.0 -34.0
2010 8 7.500   11092 A      0  132    0  130 0.861 281.4  80.0  13.0  60.0
2010 8 7.500   11093 A      0  225    0  130 0.499  80.8 350.0  10.0 -30.0
2010 8 7.500   11094 B      0    7    0   30 0.992 294.5 105.0  25.0  85.0
2010 8 7.500   11095 A      0   17    0   10 0.510 142.6   1.0 -18.0 -19.0
2010 8 8.500   11092 A      0  104    0  180 0.957 281.7  81.0  13.0  74.0
2010 8 8.500   11093 B      0  269    0  140 0.268  71.5 350.0  11.0 -15.0
2010 8 8.500   11095 A      0   18    0   10 0.417 161.4   0.0 -17.0  -8.0
2010 8 8.500   11096 A      0    0    0    0 0.282 343.4  12.0  22.0   5.0
2010 8 9.500   11092 A      0   30    0  200 0.997 281.6  81.0  12.0  87.0
2010 8 9.500   11093 A      0  299    0  150 0.072  28.6 352.0  10.0  -2.0
2010 8 9.500   11095 A      0   18    0   10 0.424 193.6 360.0 -18.0   6.0
2010 8 9.500   11096 B      0   36    0   20 0.420 311.0  14.0  22.0  20.0
2010 810.500   11093 A      0  253    0  130 0.215 287.5 353.0  10.0  12.0
2010 810.500   11095 A      0   17    0   10 0.510 219.9   1.0 -17.0  20.0
2010 810.500   11096 B      0   98    0   60 0.575 297.8  14.0  21.0  33.0
2010 810.500   11097 A      0    6    0   10 0.943  57.2 270.0  33.0 -71.0
2010 811.500   11093 A      0  199    0  110 0.422 279.8 352.0  10.0  25.0
2010 811.500   11095 A      0   15    0   10 0.645 233.8 360.0 -17.0  33.0
2010 811.500   11096 B      0   54    0   40 0.729 292.8  13.0  21.0  46.0
2010 811.500   11097 A      0   10    0   10 0.842  54.7 272.0  33.0 -55.0
2010 811.500   11098 B      0   52    0   30 0.481  70.5 299.0  15.0 -28.0
2010 812.500   11093 A      0  395    0  250 0.612 277.9 352.0  10.0  38.0
2010 812.500   11096 A      0    0    0    0 0.821 292.3   9.0  22.0  55.0
2010 812.500   11097 A      0    0    0    0 0.746  52.2 270.0  32.0 -44.0
2010 812.500   11098 B      0   77    0   40 0.270  60.5 300.0  14.0 -14.0
2010 813.500   11093 A      0  114    0   90 0.772 278.8 352.0  11.0  51.0
2010 813.500   11098 B      0   39    0   20 0.147   6.6 301.0  15.0  -1.0
2010 813.500   11099 B      0   15    0   10 0.661 288.3 347.0  17.0  41.0
2010 814.500   11093 A      0   69    0   80 0.901 279.0 353.0  11.0  65.0
2010 814.500   11099 B      0   75    0   70 0.844 287.1 346.0  18.0  58.0
2010 815.500   11093 A      0   18    0   40 0.974 279.8 353.0  11.0  78.0
2010 815.500   11099 B      0   56    0   90 0.950 286.8 347.0  18.0  73.0
2010 816.500   11098 B      0   45    0   30 0.656 285.1 302.0  15.0  41.0
2010 816.500   11099 B      0   16    0   60 0.991 286.3 345.0  17.0  84.0
2010 816.500   11100 A      0    8    0   10 0.908 120.4 202.0 -24.0 -59.0
2010 817.500   11098 B      0   11    0   10 0.814 282.4 303.0  14.0  55.0
2010 817.500   11100 A      0   11    0   10 0.833 123.5 199.0 -23.0 -49.0
2010 818.500   11098 B      0    8    0   10 0.914 282.3 302.0  14.0  67.0
2010 818.500   11100 A      0   14    0   10 0.714 130.2 199.0 -22.0 -36.0
2010 819.500   11100 A      0    0    0    0 0.599 144.9 200.0 -23.0 -22.0
2010 820.500   11100 A      0    0    0    0 0.563 172.1 204.0 -27.0  -5.0
2010 824.500   11101 A      0   12    0   30 0.978  79.2   0.0  12.0 -79.0
2010 825.500   11100 A      0    7    0   10 0.929 246.2 207.0 -19.0  64.0
2010 825.500   11101 A      0   89    0   90 0.868  80.2  82.0  12.0 -61.0
2010 826.500   11100 A      0    3    0   10 0.988 248.4 205.0 -20.0  78.0
2010 826.500   11101 A      0  121    0   90 0.738  78.9  83.0  13.0 -48.0
2010 827.500   11101 A      0  166    0  100 0.557  79.1  84.0  12.0 -34.0
2010 828.500   11101 A      0  242    0  130 0.363  75.2  81.0  12.0 -21.0
2010 829.500   11101 A      0  276    0  140 0.147  54.4  84.0  12.0  -7.0
2010 829.500   11102 B      0   55    0   30 0.397 329.6 104.0  27.0  13.0
2010 830.500   11101 A      0  217    0  110 0.144 315.1  85.0  13.0   6.0
2010 830.500   11102 B      0  118    0   70 0.533 313.4 103.0  28.0  26.0
2010 831.500   11101 A      0  264    0  140 0.331 285.9  83.0  12.0  19.0
2010 831.500   11102 B      0  116    0   80 0.684 303.9 104.0  28.0  40.0
2010 9 1.500   11101 B      0  254    0  150 0.528 281.2  83.0  12.0  32.0
2010 9 1.500   11102 B      0  120    0  100 0.797 297.3 103.0  26.0  52.0
2010 9 1.500   11103 B      0   16    0   10 0.579 303.9  83.0  25.0  32.0
2010 9 1.500   11104 B      0   17    0   10 0.513 306.0  75.0  24.0  27.0
2010 9 2.500   11101 A      0  170    0  120 0.702 279.8  82.0  12.0  45.0
2010 9 2.500   11102 B      0   27    0   30 0.889 296.7 100.0  27.0  63.0
2010 9 2.500   11103 B      0   26    0   20 0.756 297.0  85.0  25.0  48.0
2010 9 2.500   11105 B      0   19    0   10 0.253 324.3  49.0  19.0   9.0
2010 9 3.500   11101 B      0  144    0  130 0.832 279.6  81.0  12.0  57.0
2010 9 3.500   11102 A      0    5    0   10 0.963 295.0 100.0  26.0  76.0
2010 9 3.500   11103 B      0    9    0   10 0.887 294.5  87.0  25.0  63.0
2010 9 3.500   11105 B      0   54    0   30 0.406 298.8  50.0  18.0  22.0
2010 9 4.500   11101 A      0   78    0  110 0.934 280.1  83.0  12.0  70.0
2010 9 4.500   11103 A      0   10    0   20 0.963 295.0  88.0  26.0  76.0
2010 9 4.500   11105 B      0  112    0   70 0.597 290.6  50.0  18.0  36.0
2010 9 5.500   11101 A      0   15    0  120 0.998 282.7  89.0  13.0  88.0
2010 9 5.500   11103 A      0    0    0   10 0.999 294.8  87.0  25.0  90.0
2010 9 5.500   11105 B      0  160    0  130 0.786 288.5  48.0  19.0  52.0
2010 9 6.500   11105 B      0  135    0  150 0.892 287.7  49.0  19.0  64.0
2010 9 7.500   11105 A      0   20    0   40 0.968 287.8  53.0  19.0  77.0
2010 9 8.500   11105 A      0    0    0   10 0.999 288.9  49.0  19.0  90.0
2010 911.500   11106 A      0   37    0   50 0.927 112.8 215.0 -18.0 -64.0
2010 912.500   11106 B      0   75    0   80 0.883 116.1 209.0 -19.0 -57.0
2010 912.500   11107 A      0    9    0   10 0.888  56.5 204.0  33.0 -62.0
2010 913.500   11106 B      0  126    0  100 0.773 121.9 209.0 -19.0 -44.0
2010 914.500   11106 B      0  169    0  110 0.636 132.0 209.0 -19.0 -30.0
2010 915.500   11106 B      0  151    0   90 0.537 147.2 208.0 -20.0 -18.0
2010 916.500   11106 B      0  194    0  110 0.463 169.8 208.0 -20.0  -5.0
2010 916.500   11108 B      0  147    0  290 0.967 121.5 144.0 -28.0 -69.0
2010 917.500   11106 B      0  140    0   80 0.474 196.0 208.0 -20.0   8.0
2010 917.500   11108 B      0  219    0  280 0.920 124.6 141.0 -28.0 -59.0
2010 918.500   11106 B      0  165    0  100 0.561 216.9 207.0 -20.0  21.0
2010 918.500   11108 B      0  382    0  370 0.856 128.9 138.0 -28.0 -49.0
2010 919.500   11106 B      0  131    0   90 0.683 230.3 207.0 -20.0  34.0
2010 919.500   11108 B      0  531    0  420 0.774 138.9 137.0 -30.0 -36.0
2010 920.500   11106 B      0   20    0   20 0.858 240.3 213.0 -21.0  53.0
2010 920.500   11108 B      0  550    0  380 0.690 149.3 136.0 -30.0 -24.0
2010 921.500   11106 A      0    1    0    2 0.959 244.5 217.0 -22.0  69.0
2010 921.500   11108 B      0  417    0  270 0.635 160.7 133.0 -30.0 -14.0
2010 921.500   11109 A      0   17    0   30 0.959  72.2  72.0  19.0 -75.0
2010 922.500   11108 A      0  535    0  340 0.616 192.7 142.0 -30.0   9.0
2010 922.500   11109 B      0  162    0  200 0.914  69.0  67.0  22.0 -67.0
2010 923.500   11108 A      0  382    0  260 0.677 208.6 142.0 -30.0  22.0
2010 923.500   11109 B      0  246    0  210 0.810  67.8  67.0  22.0 -54.0
2010 924.500   11108 A      0  365    0  280 0.758 219.7 141.0 -30.0  34.0
2010 924.500   11109 B      0  414    0  280 0.673  64.7  66.0  22.0 -41.0
2010 925.500   11108 A      0  221    0  210 0.849 226.6 140.0 -31.0  46.0
2010 925.500   11109 BG     0  484    0  280 0.501  57.1  67.0  22.0 -27.0
2010 926.500   11108 A      0  171    0  220 0.921 232.1 140.0 -31.0  58.0
2010 926.500   11109 B      0  678    0  360 0.335  42.4  66.0  21.0 -14.0
2010 926.500   11110 A      0   19    0   10 0.226 338.6  85.0  19.0   5.0
2010 927.500   11108 A      0   93    0  230 0.979 237.3 141.0 -30.0  72.0
2010 927.500   11109 B      0  810    0  420 0.264   7.1  65.0  22.0  -2.0
2010 927.500   11110 A      0    0    0    0 0.385 307.4  86.0  20.0  19.0
2010 928.500   11108 A      0   12    0  140 0.999 239.4 138.0 -30.0  83.0
2010 928.500   11109 B      0  530    0  280 0.318 326.2  65.0  22.0  11.0
2010 928.500   11110 A      0   16    0   10 0.542 296.8  85.0  20.0  31.0
2010 929.500   11109 B      0  548    0  310 0.465 305.8  65.0  22.0  24.0
2010 929.500   11110 B      0   70    0   50 0.712 290.1  87.0  19.0  45.0
2010 929.500   11111 A      0   11    0   10 0.821  66.6 346.0  23.0 -55.0
2010 930.500   11109 B      0  365    0  240 0.647 294.8  67.0  21.0  39.0
2010 930.500   11110 B      0   30    0   30 0.862 288.1  90.0  19.0  60.0
2010 930.500   11111 A      0   14    0   10 0.692  62.0 345.0  24.0 -42.0
201010 1.500   11109 B      0  337    0  270 0.781 291.6  65.0  21.0  51.0
201010 1.500   11110 A      0    0    0    0 0.939 288.9  86.0  20.0  71.0
201010 1.500   11111 B      0   16    0   10 0.530  62.4 343.0  20.0 -30.0
201010 2.500   11109 B      0  277    0  320 0.901 290.2  66.0  21.0  65.0
201010 2.500   11110 A      0    0    0    0 0.990 290.4  85.0  21.0  84.0
201010 2.500   11111 B      0   53    0   30 0.448  46.9 340.0  24.0 -21.0
201010 3.500   11109 A      0   87    0  220 0.980 289.1  68.0  20.0  80.0
201010 3.500   11111 B      0   56    0   30 0.315  17.6 341.0  24.0  -6.0
201010 4.500   11109 A      0    0    0   90 1.000 291.2  69.0  21.0  93.0
201010 4.500   11111 B      0   38    0   20 0.311 345.2 341.0  24.0   5.0
201010 5.500   11111 A      0    0    0    0 0.396 313.6 341.0  22.0  18.0
201010 8.500   11111 A      0    0    0    0 0.834 294.7 339.0  24.0  56.0
201010 9.500   11112 A      0   29    0   40 0.931 112.1 204.0 -18.0 -65.0
20101010.500   11112 A      0   52    0   50 0.852 115.5 202.0 -18.0 -54.0
20101011.500   11112 A      0   41    0   30 0.728 123.4 202.0 -19.0 -40.0
20101012.500   11112 A      0   32    0   20 0.585 134.9 203.0 -19.0 -26.0
20101013.500   11112 B      0   17    0   10 0.451 149.1 202.0 -17.0 -14.0
20101013.500   11113 A      0   62    0  120 0.966  74.0 141.0  17.0 -76.0
20101014.500   11112 B      0   36    0   20 0.404 180.0 202.0 -18.0   0.0
20101014.500   11113 A      0   92    0  100 0.887  73.9 141.0  17.0 -63.0
20101014.500   11114 A      0    0    0    0 0.753 233.9 244.0 -22.0  41.0
20101015.500   11112 B      0  122    0   70 0.483 210.5 203.0 -19.0  15.0
20101015.500   11113 A      0  166    0  130 0.768  72.6 140.0  17.0 -50.0
20101015.500   11114 B      0    9    0   10 0.868 241.8 244.0 -21.0  55.0
20101015.500   11115 A      0  119    0  170 0.936 122.8 130.0 -28.0 -63.0
20101016.500   11112 BG     0  193    0  120 0.593 228.8 205.0 -18.0  28.0
20101016.500   11113 A      0  207    0  130 0.601  69.2 141.0  17.0 -36.0
20101016.500   11115 A      0  176    0  170 0.855 127.7 127.0 -28.0 -50.0
20101017.500   11112 BG     0  230    0  180 0.769 238.1 208.0 -20.0  44.0
20101017.500   11113 A      0  288    0  160 0.433  59.2 141.0  18.0 -23.0
20101017.500   11115 A      0  183    0  140 0.755 135.3 127.0 -28.0 -37.0
20101017.500   11116 B      0   37    0   20 0.362 321.8 178.0  22.0  14.0
20101018.500   11112 BG     0  130    0  140 0.884 245.1 208.0 -19.0  58.0
20101018.500   11113 B      0  288    0  150 0.273  37.3 141.0  18.0 -10.0
20101018.500   11115 A      0  240    0  160 0.660 145.6 126.0 -28.0 -25.0
20101018.500   11116 A      0    0    0    0 0.525 304.0 179.0  22.0  28.0
20101019.500   11112 BG     0   34    0   60 0.958 247.2 208.0 -20.0  70.0
20101019.500   11113 A      0  254    0  130 0.206 346.0 141.0  17.0   3.0
20101019.500   11115 B      0  304    0  190 0.597 160.8 125.0 -29.0 -13.0
20101019.500   11117 A      0   29    0   50 0.957  65.5  63.0  25.0 -74.0
20101019.500   11118 A      0    0    0    0 0.872  74.7  76.0  16.0 -61.0
20101020.500   11112 A      0    1    0   10 0.998 249.5 208.0 -20.0  84.0
20101020.500   11113 B      0  207    0  110 0.338 303.8 141.0  16.0  17.0
20101020.500   11115 B      0  177    0  110 0.593 181.4 125.0 -31.0   1.0
20101020.500   11117 A      0   69    0   70 0.870  65.4  64.0  24.0 -60.0
20101020.500   11118 A      0    0    0    0 0.732  75.9  77.0  14.0 -47.0
20101021.500   11113 A      0  135    0   80 0.533 291.8 142.0  16.0  31.0
20101021.500   11115 A      0  225    0  140 0.595 199.3 124.0 -29.0  13.0
20101021.500   11117 A      0  103    0   80 0.760  64.1  63.0  23.0 -48.0
20101022.500   11113 A      0  136    0   90 0.652 288.6 140.0  16.0  40.0
20101022.500   11115 A      0  165    0  110 0.657 209.6 116.0 -30.0  22.0
20101022.500   11117 A      0  108    0   70 0.629  59.3  63.0  23.0 -36.0
20101023.500   11113 A      0  114    0  100 0.819 286.0 140.0  16.0  55.0
20101023.500   11115 A      0  185    0  140 0.750 223.3 121.0 -29.0  36.0
20101023.500   11117 B      0  203    0  120 0.529  55.4  57.0  22.0 -28.0
20101024.500   11113 A      0   58    0   80 0.930 285.2 141.0  16.0  69.0
20101024.500   11115 A      0  119    0  120 0.867 231.0 123.0 -30.0  51.0
20101024.500   11117 B      0  393    0  210 0.351  33.3  60.0  22.0 -12.0
20101024.500   11119 B      0   69    0   40 0.493 307.4  97.0  22.0  25.0
20101025.500   11113 A      0   30    0  100 0.988 282.4 139.0  13.0  82.0
20101025.500   11115 A      0  107    0  160 0.942 235.7 121.0 -30.0  64.0
20101025.500   11117 B      0  496    0  260 0.295 353.7  59.0  22.0   2.0
20101025.500   11119 B      0   30    0   20 0.654 300.0  95.0  23.0  38.0
20101026.500   11113 A      0    0    0   60 1.000 287.1 136.0  17.0  92.0
20101026.500   11115 A      0   42    0  120 0.984 237.3 120.0 -31.0  75.0
20101026.500   11117 BG     0  668    0  360 0.371 319.3  59.0  21.0  15.0
20101026.500   11119 A      0    0    0    0 0.770 294.7  94.0  22.0  49.0
20101027.500   11115 A      0    7    0   80 0.999 241.1 124.0 -29.0  90.0
20101027.500   11117 B      0  762    0  450 0.532 305.1  59.0  22.0  28.0
20101027.500   11119 A      0    9    0   10 0.872 294.9  91.0  24.0  60.0
20101028.500   11117 B      0  756    0  520 0.686 297.5  60.0  22.0  41.0
20101029.500   11117 B      0  621    0  550 0.825 291.2  60.0  20.0  55.0
20101030.500   11117 B      0  302    0  480 0.949 289.6  65.0  20.0  72.0
20101030.500   11120 B      0    6    0   10 0.945  50.1 283.0  39.0 -69.0
20101031.500   11117 B      0  143    0  510 0.990 291.6  60.0  22.0  83.0
20101031.500   11120 B      0   40    0   40 0.861  45.3 286.0  40.0 -53.0
201011 1.500   11117 B      0   22    0  180 0.998 292.4  63.0  22.0  96.0
201011 1.500   11120 B      0  151    0  120 0.775  41.1 285.0  39.0 -41.0
201011 2.500   11120 B      0  114    0   80 0.696  35.7 283.0  38.0 -31.0
201011 3.500   11120 B      0   78    0   50 0.619  21.6 281.0  39.0 -17.0
201011 4.500   11120 B      0   16    0   10 0.563   5.6 282.0  38.0  -4.0
201011 4.500   11121 A      0    5    0   10 0.955 112.4 218.0 -20.0 -70.0
201011 5.500   11120 B      0   16    0   10 0.576 347.6 282.0  38.0   9.0
201011 5.500   11121 B      0   67    0   70 0.876 113.0 215.0 -18.0 -58.0
201011 6.500   11120 A      0    0    0    0 0.630 344.4 273.0  41.0  13.0
201011 6.500   11121 B      0   98    0   80 0.789 116.3 211.0 -18.0 -48.0
201011 6.500   11122 B      0   19    0   10 0.165 348.1 262.0  13.0   2.0
201011 7.500   11121 BG     0  134    0   90 0.663 122.6 211.0 -18.0 -36.0
201011 7.500   11122 B      0   18    0   10 0.351 301.4 263.0  14.0  18.0
201011 8.500   11121 BG     0   86    0   50 0.498 139.6 213.0 -19.0 -20.0
201011 8.500   11122 B      0   50    0   30 0.531 289.1 263.0  13.0  31.0
201011 9.500   11121 B      0   91    0   50 0.398 163.2 212.0 -19.0  -7.0
201011 9.500   11122 B      0   28    0   20 0.691 286.8 263.0  14.0  43.0
20101110.500   11121 A      0   18    0   10 0.396 182.4 207.0 -20.0   1.0
20101110.500   11122 A      0   11    0   10 0.801 283.8 260.0  13.0  53.0
20101110.500   11123 B      0   51    0   30 0.509 150.1 193.0 -23.0 -16.0
20101110.500   11124 B      0   31    0   20 0.629  71.7 168.0  14.0 -38.0
20101111.500   11125 B      0   24    0   15 0.599  62.0 160.0  19.0 -34.0
20101111.500   11123 B      0  144    0   80 0.428 173.5 190.0 -22.0  -3.0
20101111.500   11124 B      0   26    0   15 0.492  62.4 164.0  16.0 -27.0
20101112.500   11123 B      0   89    0   50 0.452 200.8 192.0 -22.0  10.0
20101112.500   11124 B      0   57    0   30 0.278  46.6 169.0  14.0 -12.0
20101112.500   11125 B      0   17    0   10 0.463  53.0 156.0  19.0 -23.0
20101112.500   11126 B      0    4    0   10 0.973 119.7 108.0 -28.0 -73.0
20101113.500   11123 B      0   81    0   50 0.573 220.8 191.0 -23.0  24.0
20101113.500   11124 B      0  156    0   80 0.199 345.2 171.0  14.0   3.0
20101113.500   11125 B      0   57    0   30 0.307  25.4 160.0  19.0  -8.0
20101113.500   11126 B      0   16    0   20 0.908 125.1 109.0 -30.0 -59.0
20101114.500   11123 B      0   14    0   10 0.693 233.7 191.0 -22.0  37.0
20101114.500   11124 B      0  187    0  100 0.345 304.6 171.0  14.0  17.0
20101114.500   11125 B      0   19    0   10 0.280 339.2 160.0  18.0   6.0
20101114.500   11126 B      0   33    0   30 0.825 129.8 108.0 -30.0 -47.0
20101115.500   11123 A      0   12    0   10 0.798 239.6 189.0 -22.0  48.0
20101115.500   11124 B      0  442    0  260 0.526 292.6 170.0  14.0  30.0
20101115.500   11125 A      0   18    0   10 0.433 308.0 162.0  18.0  21.0
20101115.500   11126 B      0   69    0   50 0.720 139.6 108.0 -31.0 -33.0
20101116.500   11124 B      0  369    0  260 0.704 285.9 172.0  13.0  44.0
20101116.500   11125 A      0   14    0   10 0.712 295.9 159.0  20.0  43.0
20101116.500   11126 B      0  123    0   80 0.635 152.8 107.0 -32.0 -20.0
20101116.500   11127 A      0   75    0  120 0.949  64.5  55.0  25.0 -71.0
20101117.500   11123 A      0    0    0    0 0.988 244.2 193.0 -25.0  79.0
20101117.500   11124 B      0  230    0  220 0.852 284.9 172.0  14.0  58.0
20101117.500   11126 B      0  149    0   90 0.561 169.3 108.0 -31.0  -7.0
20101117.500   11127 A      0   94    0   90 0.851  61.9  59.0  25.0 -56.0
20101118.500   11124 B      0   97    0  150 0.946 284.0 172.0  14.0  71.0
20101118.500   11126 B      0   66    0   40 0.559 190.8 108.0 -31.0   7.0
20101118.500   11127 A      0   81    0   60 0.734  57.4  58.0  25.0 -43.0
20101119.500   11124 B      0   39    0  200 0.995 288.9 173.0  19.0  85.0
20101119.500   11126 B      0   63    0   40 0.613 207.1 107.0 -31.0  19.0
20101119.500   11127 A      0  145    0   90 0.591  50.6  58.0  24.0 -30.0
20101120.500   11126 B      0   71    0   50 0.700 217.3 105.0 -32.0  30.0
20101120.500   11127 A      0  123    0   70 0.469  37.0  57.0  24.0 -18.0
20101121.500   11126 B      0   23    0   20 0.806 226.9 106.0 -32.0  44.0
20101121.500   11127 A      0  110    0   60 0.399  11.4  57.0  25.0  -5.0
20101122.500   11126 B      0    9    0   10 0.890 232.2 104.0 -32.0  56.0
20101122.500   11127 A      0  145    0   80 0.413 342.2  56.0  25.0   8.0
20101123.500   11127 A      0  103    0   60 0.513 320.7  57.0  25.0  21.0
20101124.500   11127 A      0   76    0   50 0.646 308.4  56.0  25.0  34.0
20101125.500   11127 A      0   51    0   40 0.764 300.7  56.0  24.0  46.0
20101125.500   11128 A      0    9    0   10 0.873 109.3 310.0 -16.0 -59.0
20101126.500   11127 A      0   29    0   30 0.875 295.7  59.0  23.0  59.0
20101126.500   11128 B      0   13    0   10 0.744 110.3 310.0 -14.0 -46.0
20101127.500   11127 A      0   18    0   30 0.952 294.9  54.0  24.0  71.0
20101128.500   11129 B      0   12    0   30 0.977 244.1  46.0 -25.0  76.0
20101128.500   11130 B      0  117    0   60 0.206   0.0 330.0  13.0   0.0
20101129.500   11129 A      0    0    0   10 1.000 244.0  44.0 -26.0  88.0
20101129.500   11130 B      0  151    0   80 0.315 311.5 331.0  13.0  14.0
20101130.500   11130 B      0  332    0  190 0.485 293.7 330.0  12.0  27.0
201012 1.500   11130 B      0  372    0  250 0.666 290.4 331.0  14.0  40.0
201012 2.500   11130 B      0  287    0  240 0.800 287.1 330.0  14.0  52.0
201012 2.500   11131 A      0  158    0  240 0.944  58.3 208.0  30.0 -68.0
201012 3.500   11130 B      0  115    0  150 0.923 282.8 331.0  12.0  67.0
201012 3.500   11131 A      0  405    0  390 0.854  53.3 211.0  31.0 -53.0
201012 4.500   11130 A      0   18    0   80 0.993 282.0 336.0  12.0  83.0
201012 4.500   11131 B      0  466    0  350 0.746  48.3 211.0  30.0 -40.0
201012 4.500   11132 B      0   58    0   30 0.186 354.7 251.0  11.0   1.0
201012 4.500   11133 A      0   59    0  100 0.954  75.4 180.0  14.0 -72.0
201012 5.500   11130 A      0    5    0   40 0.998 282.0 331.0  12.0  94.0
201012 5.500   11131 A      0  470    0  310 0.651  38.2 210.0  31.0 -28.0
201012 5.500   11132 B      0  113    0   60 0.316 306.4 252.0  11.0  15.0
201012 5.500   11133 A      0   82    0   80 0.857  73.7 180.0  14.0 -58.0
201012 6.500   11131 A      0  679    0  410 0.560  23.4 209.0  31.0 -15.0
201012 6.500   11132 B      0   17    0   10 0.522 289.3 251.0  10.0  30.0
201012 6.500   11133 A      0  225    0  160 0.711  67.3 178.0  16.0 -43.0
201012 7.500   11131 B      0  735    0  430 0.518   5.0 208.0  31.0  -3.0
201012 7.500   11133 A      0  331    0  200 0.561  62.5 181.0  15.0 -31.0
201012 8.500   11131 A      0  556    0  330 0.538 344.0 209.0  31.0  10.0
201012 8.500   11133 A      0  221    0  120 0.387  50.8 179.0  14.0 -18.0
201012 9.500   11131 A      0  482    0  310 0.628 328.2 208.0  32.0  23.0
201012 9.500   11133 A      0  172    0   90 0.277  17.7 178.0  15.0  -5.0
20101210.500   11131 A      0  446    0  320 0.716 316.6 207.0  31.0  35.0
20101210.500   11132 A      0    0    0    0 0.993 281.1 255.0  11.0  83.0
20101210.500   11133 A      0  171    0   90 0.306 330.4 181.0  15.0   9.0
20101211.500   11131 B      0  347    0  300 0.815 309.7 205.0  31.0  47.0
20101211.500   11133 B      0  196    0  110 0.450 306.5 180.0  15.0  22.0
20101212.500   11131 B      0  259    0  290 0.894 305.6 204.0  31.0  58.0
20101212.500   11133 A      0  145    0   90 0.585 295.5 179.0  14.0  33.0
20101213.500   11131 A      0  141    0  270 0.965 301.4 204.0  30.0  72.0
20101213.500   11133 A      0  103    0   80 0.764 289.2 179.0  14.0  48.0
20101213.500   11134 B      0   31    0   20 0.609 301.7 164.0  18.0  33.0
20101213.500   11135 A      0    0    0    0 0.850  68.1  75.0  18.0 -56.0
20101214.500   11131 A      0   30    0  240 0.998 302.2 203.0  32.0  85.0
20101214.500   11133 A      0   74    0   80 0.886 287.5 179.0  15.0  61.0
20101214.500   11134 A      0    0    0    0 0.755 295.0 162.0  18.0  46.0
20101215.500   11133 A      0   26    0   50 0.964 283.8 180.0  13.0  74.0
20101216.500   11133 A      0    9    0   60 0.997 286.0 186.0  16.0  94.0
20101216.500   11135 B      0   35    0   20 0.441  38.8  76.0  19.0 -17.0
20101217.500   11135 A      0    0    0    0 0.349   5.4  78.0  19.0  -2.0
20101225.500   11136 B      0   10    0   10 0.854 245.5  30.0 -22.0  57.0
20101225.500   11137 B      0   34    0   20 0.506  47.2 311.0  18.0 -23.0
20101226.500   11136 B      0    6    0   10 0.948 247.6  31.0 -22.0  71.0
20101226.500   11137 B      0   18    0   10 0.386  25.4 310.0  18.0 -10.0
20101227.500   11138 B      0   94    0   50 0.335 322.8 320.0  13.0  12.0
20101228.500   11138 BG     0  103    0   60 0.503 301.9 320.0  13.0  26.0
20101229.500   11138 BG     0   59    0   40 0.667 293.1 321.0  13.0  39.0
20101229.500   11139 B      0   12    0   10 0.783 121.5 233.0 -26.0 -48.0
20101230.500   11138 A      0   22    0   20 0.835 286.4 323.0  12.0  55.0
20101230.500   11139 A      0    0    0    0 0.632 129.2 235.0 -26.0 -33.0
20101231.500   11138 B      0    6    0   10 0.946 283.8 324.0  12.0  70.0
20101231.500   11140 A      0  109    0  180 0.953  55.0 188.0  32.0 -67.0
