2016 1 1.500   12473 B      0   64    0  110 0.956 249.0 334.0 -21.0  73.0
2016 1 1.500   12476 A      0    9    0   10 0.874 100.9 200.0 -11.0 -61.0
2016 1 1.500   12477 A      0    9    0   20 0.970  76.8 186.0  12.0 -75.0
2016 1 2.500   12473 B      0    2    0   40 0.999 249.1 337.0 -21.0  89.0
2016 1 2.500   12476 B      0   27    0   20 0.733 100.7 201.0 -10.0 -47.0
2016 1 2.500   12477 A      0   64    0   70 0.887  74.7 187.0  12.0 -61.0
2016 1 2.500   12478 B      0   11    0   10 0.808  78.9 195.0   7.0 -53.0
2016 1 3.500   12476 B      0  132    0   80 0.565 102.9 201.0 -10.0 -34.0
2016 1 3.500   12477 A      0   91    0   70 0.757  71.0 188.0  12.0 -47.0
2016 1 3.500   12478 B      0   30    0   20 0.634  74.7 197.0   7.0 -38.0
2016 1 4.500   12476 B      0  130    0   70 0.357 109.3 202.0 -10.0 -20.0
2016 1 4.500   12477 A      0  112    0   70 0.591  64.3 189.0  12.0 -33.0
2016 1 4.500   12478 B      0   17    0   10 0.440  66.4 198.0   7.0 -24.0
2016 1 4.500   12479 B      0   19    0   10 0.264  18.9 217.0  11.0  -5.0
2016 1 5.500   12476 B      0   59    0   30 0.152 137.5 202.0 -10.0  -6.0
2016 1 5.500   12477 A      0  127    0   70 0.414  50.2 189.0  12.0 -19.0
2016 1 6.500   12476 B      0   19    0   10 0.166 235.8 203.0  -9.0   8.0
2016 1 6.500   12477 A      0  134    0   70 0.283  17.5 190.0  12.0  -5.0
2016 1 6.500   12480 B      0   43    0   80 0.963  84.8 121.0   4.0 -74.0
2016 1 7.500   12476 A      0   18    0   10 0.382 255.5 204.0  -9.0  22.0
2016 1 7.500   12477 A      0  114    0   60 0.311 330.6 191.0  12.0   9.0
2016 1 7.500   12480 B      0  188    0  180 0.851  84.1 124.0   3.0 -58.0
2016 1 7.500   12481 B      0   56    0   50 0.825 250.7 237.0 -18.0  55.0
2016 1 8.500   12477 A      0   89    0   50 0.442 307.5 190.0  12.0  21.0
2016 1 8.500   12478 B      0   17    0   10 0.500 291.2 197.0   7.0  28.0
2016 1 8.500   12480 B      0  261    0  180 0.689  81.5 126.0   3.0 -43.0
2016 1 8.500   12481 B      0   57    0   80 0.933 252.2 238.0 -18.0  69.0
2016 1 8.500   12482 B      0   19    0   10 0.210 304.5 178.0   3.0  10.0
2016 1 8.500   12483 B      0   13    0   10 0.741  64.3 125.0  16.0 -44.0
2016 1 9.500   12477 A      0   64    0   40 0.589 294.9 189.0  11.0  33.0
2016 1 9.500   12478 B      0   15    0   10 0.658 283.8 196.0   6.0  40.0
2016 1 9.500   12480 B      0  302    0  180 0.541  78.1 124.0   3.0 -32.0
2016 1 9.500   12481 B      0   40    0  120 0.985 251.4 237.0 -19.0  81.0
2016 1 9.500   12482 B      0   18    0   10 0.403 284.2 179.0   2.0  23.0
2016 1 9.500   12483 B      0   48    0   30 0.592  53.8 126.0  17.0 -30.0
2016 110.500   12477 A      0   13    0   10 0.738 290.4 187.0  12.0  45.0
2016 110.500   12480 B      0  361    0  190 0.310  70.5 125.0   2.0 -17.0
2016 110.500   12482 B      0   16    0   10 0.595 279.0 178.0   2.0  36.0
2016 110.500   12483 B      0   89    0   50 0.454  38.1 125.0  17.0 -17.0
2016 110.500   12484 B      0   13    0   10 0.752  79.7  94.0   5.0 -48.0
2016 111.500   12477 A      0    0    0    0 0.873 286.2 187.0  12.0  59.0
2016 111.500   12480 B      0  336    0  170 0.153  34.8 123.0   3.0  -5.0
2016 111.500   12483 B      0  335    0  180 0.365   7.9 125.0  17.0  -3.0
2016 112.500   12480 B      0  294    0  150 0.188 312.3 123.0   3.0   8.0
2016 112.500   12483 B      0  239    0  130 0.392 337.6 124.0  17.0   9.0
2016 113.500   12480 B      0  255    0  140 0.409 287.5 126.0   3.0  23.0
2016 113.500   12483 B      0  239    0  140 0.518 316.5 125.0  18.0  22.0
2016 114.500   12480 A      0  215    0  140 0.639 280.2 128.0   3.0  39.0
2016 114.500   12483 B      0  135    0   90 0.659 304.1 124.0  18.0  35.0
2016 114.500   12485 B      0   28    0   30 0.884  72.7  29.0  13.0 -60.0
2016 115.500   12480 A      0  157    0  130 0.795 278.6 129.0   4.0  52.0
2016 115.500   12483 A      0  108    0   90 0.799 295.4 126.0  17.0  49.0
2016 115.500   12485 B      0   39    0   30 0.754  68.3  31.0  13.0 -46.0
2016 116.500   12480 A      0  104    0  130 0.916 275.4 130.0   3.0  66.0
2016 116.500   12483 A      0   45    0   60 0.926 290.5 129.0  17.0  65.0
2016 116.500   12485 B      0   31    0   20 0.618  61.9  30.0  13.0 -34.0
2016 117.500   12480 A      0   51    0  140 0.983 274.0 129.0   3.0  79.0
2016 117.500   12483 A      0   24    0   70 0.985 288.2 128.0  17.0  78.0
2016 117.500   12485 B      0   17    0   10 0.471  47.6  29.0  14.0 -21.0
2016 117.500   12486 A      0   31    0   40 0.919 109.7 343.0 -20.0 -67.0
2016 118.500   12480 A      0   20    0  140 0.997 272.7 131.0   3.0  94.0
2016 118.500   12483 A      0    8    0   70 0.998 286.8 129.0  17.0  92.0
2016 118.500   12485 A      0   18    0   10 0.344  20.1  30.0  14.0  -7.0
2016 118.500   12486 A      0   71    0   60 0.805 111.3 344.0 -20.0 -53.0
2016 119.500   12484 B      0    3    0   20 0.996 277.5 108.0   7.0  84.0
2016 119.500   12485 A      0   18    0   10 0.348 348.9  28.0  15.0   4.0
2016 119.500   12486 A      0   71    0   50 0.700 113.7 340.0 -20.0 -43.0
2016 119.500   12487 B      0   39    0   30 0.754 102.9 334.0 -13.0 -49.0
2016 120.500   12484 B      0    6    0   30 0.994 278.6  94.0   8.0  83.0
2016 120.500   12486 A      0   83    0   50 0.554 119.1 338.0 -20.0 -31.0
2016 120.500   12487 B      0   96    0   60 0.593 105.1 334.0 -13.0 -36.0
2016 120.500   12488 B      0   48    0   40 0.796  81.0 317.0   4.0 -52.0
2016 121.500   12486 A      0   55    0   30 0.390 131.8 340.0 -20.0 -18.0
2016 121.500   12487 B      0  184    0  100 0.392 111.3 336.0 -13.0 -22.0
2016 121.500   12488 B      0  108    0   70 0.630  77.1 320.0   4.0 -38.0
2016 122.500   12486 A      0   38    0   20 0.283 163.3 339.0 -21.0  -5.0
2016 122.500   12487 B      0  136    0   70 0.230 126.2 333.0 -13.0 -11.0
2016 122.500   12488 B      0  158    0   90 0.477  71.5 317.0   4.0 -27.0
2016 123.500   12486 A      0   19    0   10 0.279 212.0 340.0 -19.0   9.0
2016 123.500   12487 B      0   79    0   40 0.144 216.3 336.0 -12.0   5.0
2016 123.500   12488 B      0  232    0  120 0.252  55.4 319.0   3.0 -12.0
2016 124.500   12487 B      0   56    0   30 0.325 248.6 336.0 -12.0  18.0
2016 124.500   12488 B      0  394    0  200 0.165 353.9 319.0   4.0   1.0
2016 125.500   12487 A      0   33    0   20 0.562 256.8 339.0 -12.0  34.0
2016 125.500   12488 B      0  459    0  240 0.289 296.3 320.0   2.0  15.0
2016 125.500   12489 B      0   67    0   60 0.827  75.2 251.0   9.0 -54.0
2016 125.500   12490 B      0    5    0   10 0.961 107.2 230.0 -18.0 -75.0
2016 126.500   12487 A      0   13    0   10 0.741 258.9 340.0 -12.0  48.0
2016 126.500   12488 B      0  402    0  230 0.485 284.5 320.0   2.0  28.0
2016 126.500   12489 B      0  148    0  100 0.667  68.2 253.0  10.0 -39.0
2016 126.500   12490 B      0   21    0   20 0.838 107.8 235.0 -18.0 -57.0
2016 127.500   12487 A      0    9    0   10 0.887 259.4 342.0 -12.0  63.0
2016 127.500   12488 B      0  327    0  220 0.667 281.0 320.0   3.0  41.0
2016 127.500   12489 B      0  427    0  250 0.517  59.8 252.0  10.0 -27.0
2016 127.500   12490 B      0   29    0   20 0.665 109.3 238.0 -17.0 -41.0
2016 128.500   12488 BG     0  247    0  220 0.827 278.8 321.0   4.0  55.0
2016 128.500   12489 B      0  562    0  300 0.347  43.5 252.0   9.0 -14.0
2016 128.500   12490 B      0   34    0   20 0.512 115.9 237.0 -18.0 -29.0
2016 129.500   12488 B      0  109    0  150 0.931 276.6 320.0   4.0  68.0
2016 129.500   12489 B      0  577    0  300 0.274 356.4 253.0  10.0   1.0
2016 129.500   12490 B      0   19    0   10 0.302 134.9 239.0 -18.0 -13.0
2016 130.500   12488 B      0   29    0  130 0.994 274.7 322.0   4.0  83.0
2016 130.500   12489 B      0  484    0  260 0.361 318.7 253.0  10.0  14.0
2016 131.500   12489 B      0  402    0  240 0.545 298.8 255.0  10.0  29.0
2016 131.500   12490 B      0   18    0   10 0.357 226.5 242.0 -20.0  16.0
2016 131.500   12491 B      0    6    0   10 0.942  85.7 156.0   2.0 -70.0
2016 2 1.500   12489 B      0  348    0  250 0.716 290.3 256.0  10.0  43.0
2016 2 1.500   12490 B      0   16    0   10 0.527 239.2 242.0 -21.0  29.0
2016 2 1.500   12491 B      0   64    0   60 0.842  84.9 156.0   1.0 -57.0
2016 2 2.500   12489 A      0  220    0  220 0.866 285.3 258.0  10.0  58.0
2016 2 2.500   12490 B      0   29    0   20 0.682 247.1 242.0 -20.0  42.0
2016 2 2.500   12491 B      0   71    0   50 0.703  80.9 156.0   2.0 -44.0
2016 2 2.500   12492 B      0    9    0   10 0.892  69.7 140.0  15.0 -60.0
2016 2 3.500   12489 A      0  114    0  200 0.958 281.3 259.0   9.0  72.0
2016 2 3.500   12490 B      0   66    0   60 0.830 248.8 243.0 -21.0  56.0
2016 2 3.500   12491 B      0   51    0   30 0.520  73.7 157.0   3.0 -30.0
2016 2 3.500   12492 B      0   72    0   60 0.799  65.9 138.0  15.0 -49.0
2016 2 3.500   12493 B      0   51    0   30 0.512 268.7 218.0  -6.0  31.0
2016 2 4.500   12489 A      0   17    0  100 0.996 279.6 257.0   9.0  84.0
2016 2 4.500   12490 B      0   92    0  130 0.934 249.9 243.0 -21.0  70.0
2016 2 4.500   12491 B      0   38    0   20 0.309  63.1 157.0   2.0 -16.0
2016 2 4.500   12492 B      0   75    0   50 0.657  60.2 137.0  14.0 -36.0
2016 2 4.500   12493 B      0   69    0   50 0.715 266.3 219.0  -7.0  46.0
2016 2 4.500   12494 BGD    0  294    0  150 0.183 123.4 164.0 -12.0  -9.0
2016 2 5.500   12490 B      0   29    0   80 0.983 250.8 240.0 -20.0  81.0
2016 2 5.500   12491 A      0   19    0   10 0.154  19.9 156.0   2.0  -3.0
2016 2 5.500   12492 B      0   86    0   50 0.509  48.2 136.0  14.0 -23.0
2016 2 5.500   12493 B      0   10    0   10 0.845 268.1 217.0  -5.0  58.0
2016 2 5.500   12494 BG     0  456    0  230 0.120 214.6 163.0 -12.0   4.0
2016 2 5.500   12495 B      0   13    0   10 0.715 266.4 205.0  -7.0  46.0
2016 2 5.500   12496 A      0   10    0   10 0.847  75.2 103.0   9.0 -56.0
2016 2 6.500   12492 B      0   74    0   40 0.371  27.1 136.0  13.0 -10.0
2016 2 6.500   12494 B      0  515    0  270 0.299 253.5 163.0 -11.0  17.0
2016 2 6.500   12495 B      0   29    0   30 0.870 264.4 208.0  -8.0  61.0
2016 2 6.500   12497 B      0   48    0   50 0.873  71.2  88.0  13.0 -58.0
2016 2 7.500   12492 B      0   55    0   30 0.372 349.6 137.0  15.0   4.0
2016 2 7.500   12494 BD     0  471    0  270 0.487 256.9 162.0 -12.0  29.0
2016 2 7.500   12495 B      0   40    0   70 0.958 263.6 207.0  -8.0  74.0
2016 2 7.500   12496 B      0   32    0   20 0.600  67.4  98.0   8.0 -34.0
2016 2 7.500   12497 B      0   85    0   70 0.792  68.1  84.0  13.0 -49.0
2016 2 8.500   12492 B      0   35    0   20 0.467 317.5 140.0  14.0  19.0
2016 2 8.500   12494 BG     0  352    0  240 0.679 259.4 164.0 -12.0  43.0
2016 2 8.500   12495 B      0   18    0  180 0.999 262.3 209.0  -8.0  88.0
2016 2 8.500   12496 B      0   18    0   10 0.405  52.8 102.0   8.0 -19.0
2016 2 8.500   12497 B      0  303    0  200 0.653  61.3  85.0  13.0 -36.0
2016 2 9.500   12492 B      0   45    0   30 0.648 300.8 143.0  14.0  35.0
2016 2 9.500   12494 B      0  132    0  120 0.833 259.9 165.0 -12.0  57.0
2016 2 9.500   12496 B      0   19    0   10 0.266  19.0 103.0   8.0  -5.0
2016 2 9.500   12497 BG     0  313    0  180 0.490  48.2  86.0  13.0 -22.0
2016 2 9.500   12498 B      0    9    0   10 0.888  64.6  50.0  19.0 -58.0
2016 210.500   12492 B      0   24    0   20 0.797 293.2 143.0  14.0  49.0
2016 210.500   12494 B      0   49    0   70 0.934 259.6 164.0 -12.0  70.0
2016 210.500   12496 B      0   19    0   10 0.295 328.3 103.0   8.0   9.0
2016 210.500   12497 BG     0  447    0  240 0.361  22.1  86.0  13.0  -8.0
2016 210.500   12498 A      0   12    0   10 0.770  58.5  50.0  19.0 -44.0
2016 211.500   12492 A      0   16    0   20 0.912 288.6 144.0  14.0  63.0
2016 211.500   12494 B      0   10    0   40 0.992 258.7 165.0 -12.0  84.0
2016 211.500   12497 BGD    0  337    0  180 0.351 343.1  87.0  13.0   6.0
2016 211.500   12498 A      0   15    0   10 0.603  47.8  52.0  18.0 -28.0
2016 212.500   12492 A      0    3    0   10 0.985 285.5 146.0  14.0  78.0
2016 212.500   12494 A      0    1    0   10 0.997 255.4 164.0 -14.0  96.0
2016 212.500   12497 BGD    0  444    0  250 0.459 316.2  87.0  13.0  19.0
2016 212.500   12498 A      0   17    0   10 0.482  30.7  53.0  18.0 -15.0
2016 212.500   12499 A      0   14    0   10 0.666  65.1  30.0  11.0 -38.0
2016 213.500   12497 BGD    0  339    0  220 0.637 298.2  89.0  12.0  35.0
2016 213.500   12500 B      0   17    0   10 0.506 245.6  83.0 -18.0  29.0
2016 214.500   12497 BGD    0  250    0  200 0.780 291.3  89.0  12.0  48.0
2016 214.500   12500 B      0   29    0   20 0.674 250.7  83.0 -18.0  42.0
2016 214.500   12501 A      0   27    0   60 0.973  84.2 325.0   4.0 -76.0
2016 215.500   12497 BGD    0  206    0  240 0.902 286.8  91.0  12.0  62.0
2016 215.500   12500 A      0   11    0   10 0.825 252.9  85.0 -18.0  56.0
2016 215.500   12501 A      0   54    0   60 0.890  81.9 327.0   4.0 -62.0
2016 216.500   12497 BGD    0   91    0  220 0.978 284.9  91.0  13.0  76.0
2016 216.500   12501 A      0   39    0   30 0.756  78.6 327.0   4.0 -48.0
2016 216.500   12502 B      0   19    0   10 0.257  -0.0  15.0   8.0   0.0
2016 217.500   12497 BGD    0    4    0  220 1.000 283.0  91.0  13.0  89.0
2016 217.500   12501 A      0   80    0   50 0.587  71.5 328.0   5.0 -34.0
2016 217.500   12502 B      0   18    0   10 0.349 316.7  16.0   8.0  14.0
2016 217.500   12503 B      0   38    0   20 0.224  -0.0   2.0   6.0   0.0
2016 218.500   12501 A      0   91    0   50 0.395  59.6 329.0   5.0 -20.0
2016 218.500   12502 B      0   16    0   10 0.532 299.4  17.0   9.0  28.0
2016 218.500   12503 A      0   18    0   10 0.327 312.6   3.0   6.0  14.0
2016 219.500   12501 B      0  155    0   80 0.245  39.5 327.0   4.0  -9.0
2016 219.500   12503 B      0   34    0   20 0.492 293.3   2.0   5.0  27.0
2016 219.500   12504 B      0   18    0   10 0.327 354.0 338.0  12.0   2.0
2016 220.500   12501 B      0  156    0   80 0.203 340.0 327.0   4.0   4.0
2016 220.500   12504 B      0   36    0   20 0.430 318.3 340.0  12.0  17.0
2016 220.500   12505 B      0  179    0  110 0.577 294.7 355.0   8.0  32.0
2016 221.500   12501 B      0  130    0   70 0.360 301.1 328.0   4.0  18.0
2016 221.500   12504 B      0   16    0   10 0.587 303.9 340.0  13.0  30.0
2016 221.500   12505 B      0  243    0  180 0.735 287.8 355.0   8.0  45.0
2016 222.500   12501 A      0   99    0   60 0.556 288.2 328.0   4.0  32.0
2016 222.500   12505 B      0  156    0  160 0.872 283.3 355.0   8.0  59.0
2016 223.500   12501 A      0   94    0   70 0.737 283.5 329.0   5.0  46.0
2016 223.500   12505 B      0   86    0  160 0.963 280.4 356.0   8.0  73.0
2016 224.500   12501 A      0   58    0   60 0.875 279.8 330.0   5.0  60.0
2016 224.500   12505 B      0   10    0  160 0.999 278.3 357.0   8.0  87.0
2016 224.500   12506 B      0   13    0   10 0.739  93.0 222.0  -7.0 -48.0
2016 225.500   12501 A      0   11    0   20 0.960 276.3 330.0   4.0  73.0
2016 225.500   12506 B      0   49    0   30 0.570  92.0 222.0  -7.0 -35.0
2016 226.500   12501 A      0    2    0   20 0.998 274.5 330.0   4.0  86.0
2016 226.500   12506 B      0   55    0   30 0.372  90.9 222.0  -7.0 -22.0
2016 226.500   12507 B      0    8    0   10 0.894 294.3 303.0  18.0  59.0
2016 227.500   12506 B      0  118    0   60 0.140  81.9 223.0  -6.0  -8.0
2016 227.500   12507 B      0    4    0   10 0.972 291.6 304.0  19.0  73.0
2016 228.500   12506 BG     0  218    0  110 0.127 287.2 224.0  -5.0   7.0
2016 228.500   12508 B      0   19    0   10 0.289  32.5 208.0   7.0  -9.0
2016 229.500   12506 B      0  244    0  130 0.340 272.3 223.0  -6.0  20.0
2016 229.500   12508 A      0   19    0   10 0.260 340.6 208.0   7.0   5.0
2016 229.500   12509 B      0   36    0   20 0.398  46.5 186.0   9.0 -17.0
2016 3 1.500   12506 B      0  182    0  110 0.555 268.2 225.0  -7.0  34.0
2016 3 1.500   12508 A      0   18    0   10 0.397 301.0 211.0   5.0  20.0
2016 3 1.500   12509 B      0   38    0   20 0.263  -0.0 189.0   8.0   0.0
2016 3 2.500   12506 B      0  148    0  110 0.739 267.1 226.0  -7.0  48.0
2016 3 2.500   12510 B      0   36    0   30 0.792  77.9 127.0   5.0 -51.0
2016 3 2.500   12511 B      0   10    0   10 0.850  79.5 121.0   5.0 -57.0
2016 3 2.500   12512 B      0   16    0   10 0.549  57.1 150.0  11.0 -28.0
2016 3 2.500   12513 A      0    9    0   60 0.997  78.3  94.0  11.0 -84.0
2016 3 3.500   12506 A      0   71    0   70 0.862 266.1 225.0  -7.0  60.0
2016 3 3.500   12510 B      0   42    0   30 0.702  75.3 124.0   5.0 -43.0
2016 3 3.500   12512 B      0   36    0   20 0.394  34.0 152.0  12.0 -13.0
2016 3 3.500   12513 A      0   25    0   30 0.908  74.3  12.0  11.0 -63.0
2016 3 4.500   12506 B      0   30    0   60 0.968 265.7 228.0  -6.0  76.0
2016 3 4.500   12510 B      0   50    0   30 0.535  68.6 122.0   5.0 -30.0
2016 3 4.500   12512 B      0   37    0   20 0.313  -0.0 152.0  11.0   0.0
2016 3 4.500   12513 A      0   48    0   40 0.792  68.7 103.0  12.0 -49.0
2016 3 4.500   12514 B      0   36    0   20 0.405 332.8 163.0  14.0  11.0
2016 3 4.500   12515 B      0   19    0   10 0.252 286.2 166.0  -3.0  14.0
2016 3 4.500   12516 B      0   19    0   10 0.104 302.9 157.0  -4.0   5.0
2016 3 5.500   12506 B      0    3    0   40 0.999 264.3 226.0  -6.0  88.0
2016 3 5.500   12510 B      0   55    0   30 0.370  56.2 120.0   5.0 -18.0
2016 3 5.500   12512 A      0   18    0   10 0.410 318.7 154.0  11.0  16.0
2016 3 5.500   12513 A      0   75    0   50 0.651  62.0 102.0  12.0 -36.0
2016 3 5.500   12514 B      0   83    0   50 0.551 309.5 164.0  14.0  26.0
2016 3 6.500   12510 B      0   38    0   20 0.235  12.8 122.0   6.0  -3.0
2016 3 6.500   12512 B      0   49    0   30 0.573 301.1 155.0  11.0  30.0
2016 3 6.500   12513 A      0   86    0   50 0.498  50.1 102.0  12.0 -23.0
2016 3 6.500   12514 B      0   43    0   30 0.697 298.8 164.0  14.0  39.0
2016 3 6.500   12517 B      0   13    0   10 0.749 311.3 163.0  24.0  38.0
2016 3 7.500   12510 A      0   19    0   10 0.259 318.1 122.0   4.0  10.0
2016 3 7.500   12512 B      0   69    0   50 0.719 294.5 154.0  12.0  42.0
2016 3 7.500   12513 A      0   75    0   40 0.347  26.2 103.0  11.0  -9.0
2016 3 7.500   12514 A      0   10    0   10 0.842 290.5 166.0  13.0  54.0
2016 3 7.500   12517 B      0   10    0   10 0.855 303.8 162.0  24.0  51.0
2016 3 8.500   12511 B      0   15    0   10 0.603 283.1 135.0   2.0  36.0
2016 3 8.500   12512 A      0   31    0   30 0.851 286.5 155.0  10.0  56.0
2016 3 8.500   12513 A      0   76    0   40 0.301 350.1 102.0  10.0   3.0
2016 3 8.500   12514 A      0    6    0   10 0.947 285.3 168.0  12.0  69.0
2016 3 9.500   12511 B      0   25    0   20 0.776 279.8 136.0   3.0  50.0
2016 3 9.500   12512 A      0   18    0   30 0.951 284.1 156.0  11.0  70.0
2016 3 9.500   12513 A      0   72    0   40 0.409 315.3 103.0  10.0  17.0
2016 3 9.500   12518 B      0   51    0   30 0.516 290.3 115.0   4.0  29.0
2016 3 9.500   12519 A      0   31    0   70 0.974  82.1  10.0   6.0 -76.0
2016 310.500   12511 A      0   15    0   20 0.918 276.4 138.0   3.0  66.0
2016 310.500   12512 A      0    5    0   30 0.996 282.8 155.0  12.0  83.0
2016 310.500   12513 A      0   65    0   40 0.579 298.8 103.0  10.0  31.0
2016 310.500   12518 B      0   29    0   20 0.675 284.1 113.0   4.0  41.0
2016 310.500   12519 B      0   46    0   50 0.885  79.3  11.0   6.0 -61.0
2016 311.500   12511 A      0    3    0   10 0.983 273.4 138.0   2.0  79.0
2016 311.500   12513 A      0   54    0   40 0.732 290.9 103.0  10.0  44.0
2016 311.500   12518 A      0   11    0   10 0.820 280.0 113.0   4.0  54.0
2016 311.500   12519 B      0   64    0   50 0.762  75.8  11.0   6.0 -48.0
2016 312.500   12513 A      0   51    0   50 0.860 286.2 103.0  10.0  57.0
2016 312.500   12519 B      0  121    0   80 0.653  73.7   7.0   5.0 -39.0
2016 312.500   12520 B      0   18    0   10 0.347  57.1  29.0   4.0 -17.0
2016 312.500   12521 B      0  119    0   70 0.525  33.9  28.0  19.0 -18.0
2016 313.500   12513 A      0   22    0   40 0.959 281.6 105.0   9.0  72.0
2016 313.500   12519 B      0  140    0   80 0.480  65.6   7.0   5.0 -26.0
2016 313.500   12521 B      0  141    0   80 0.461   8.2  29.0  20.0  -4.0
2016 314.500   12513 A      0    4    0   20 0.995 278.9 103.0   8.0  83.0
2016 314.500   12519 A      0  154    0   80 0.251  33.5  12.0   5.0  -8.0
2016 314.500   12521 B      0  141    0   80 0.464 341.4  29.0  19.0   9.0
2016 314.500   12522 B      0   40    0   40 0.861 290.9  76.0  14.0  56.0
2016 315.500   12519 A      0  116    0   60 0.227 337.5  12.0   5.0   5.0
2016 315.500   12521 B      0  116    0   70 0.550 321.9  28.0  19.0  21.0
2016 315.500   12522 B      0   22    0   40 0.959 286.9  78.0  14.0  71.0
2016 316.500   12519 B      0  168    0   90 0.356 305.1  10.0   5.0  17.0
2016 316.500   12521 B      0   28    0   20 0.692 303.8  30.0  17.0  37.0
2016 316.500   12523 B      0   18    0   10 0.374 260.9  15.0 -10.0  22.0
2016 316.500   12524 A      0   44    0   70 0.949  72.6 284.0  14.0 -69.0
2016 317.500   12519 B      0  131    0   80 0.570 287.6  13.0   4.0  33.0
2016 317.500   12521 A      0   11    0   10 0.814 298.1  29.0  18.0  49.0
2016 317.500   12523 A      0   16    0   10 0.569 264.4  15.0  -9.0  35.0
2016 317.500   12524 B      0  171    0  210 0.913  71.2 277.0  14.0 -63.0
2016 317.500   12525 A      0   18    0   10 0.392  34.2 327.0  12.0 -13.0
2016 318.500   12519 A      0   91    0   70 0.757 281.5  15.0   4.0  48.0
2016 318.500   12524 B      0  274    0  230 0.802  65.3 278.0  15.0 -49.0
2016 319.500   12519 A      0   63    0   70 0.890 278.2  15.0   4.0  62.0
2016 319.500   12524 B      0  416    0  280 0.668  58.2 277.0  15.0 -36.0
2016 320.500   12519 A      0   37    0   70 0.964 275.1  14.0   3.0  74.0
2016 320.500   12524 B      0  414    0  240 0.504  43.3 278.0  15.0 -21.0
2016 321.500   12519 A      0    0    0   20 1.000 274.1  16.0   4.0  89.0
2016 321.500   12524 B      0  366    0  200 0.402  22.1 278.0  15.0  -9.0
2016 322.500   12524 B      0  444    0  240 0.377 352.3 277.0  15.0   3.0
2016 323.500   12524 B      0  374    0  210 0.454 324.1 277.0  15.0  16.0
2016 324.500   12524 B      0  309    0  190 0.581 306.0 277.0  14.0  29.0
2016 324.500   12526 A      0   75    0  120 0.949  93.0 176.0  -5.0 -72.0
2016 325.500   12524 B      0  133    0  100 0.743 294.4 278.0  13.0  44.0
2016 325.500   12526 A      0  186    0  180 0.855  90.6 175.0  -4.0 -59.0
2016 326.500   12524 A      0   70    0   80 0.899 289.2 282.0  14.0  61.0
2016 326.500   12526 A      0  269    0  190 0.706  88.9 176.0  -4.0 -45.0
2016 327.500   12524 A      0   35    0   80 0.975 286.0 283.0  14.0  75.0
2016 327.500   12526 A      0  329    0  190 0.500  86.4 178.0  -4.0 -30.0
2016 328.500   12524 A      0    0    0   60 1.000 284.1 283.0  14.0  88.0
2016 328.500   12526 A      0  361    0  190 0.311  82.5 177.0  -4.0 -18.0
2016 329.500   12526 B      0  398    0  200 0.075  68.1 178.0  -5.0  -4.0
2016 330.500   12526 A      0  375    0  190 0.158 279.4 178.0  -5.0   9.0
2016 331.500   12526 A      0  371    0  200 0.374 272.8 178.0  -5.0  22.0
2016 4 1.500   12526 A      0  291    0  180 0.586 270.4 178.0  -5.0  36.0
2016 4 2.500   12526 A      0  255    0  190 0.740 269.0 177.0  -5.0  48.0
2016 4 3.500   12526 A      0  156    0  160 0.872 267.8 177.0  -5.0  61.0
2016 4 3.500   12527 A      0    0    0    0 0.435 322.1 132.0  14.0  16.0
2016 4 3.500   12528 B      0   19    0   10 0.237  26.0 110.0   6.0  -6.0
2016 4 4.500   12526 A      0   73    0  150 0.969 268.5 179.0  -3.0  76.0
2016 4 4.500   12528 B      0   19    0   10 0.276 325.8 112.0   7.0   9.0
2016 4 5.500   12526 A      0    5    0  120 1.000 267.1 179.0  -3.0  89.0
2016 4 5.500   12528 BG     0   53    0   30 0.446 299.6 113.0   7.0  23.0
2016 4 6.500   12528 B      0   31    0   20 0.632 289.0 113.0   7.0  37.0
2016 4 7.500   12528 B      0   48    0   40 0.794 283.6 114.0   7.0  51.0
2016 4 7.500   12529 A      0  133    0  330 0.979  78.4 346.0  10.0 -77.0
2016 4 8.500   12528 B      0    8    0   10 0.908 280.6 114.0   7.0  64.0
2016 4 8.500   12529 B      0  266    0  350 0.925  76.6 344.0  10.0 -66.0
2016 4 9.500   12528 A      0    3    0   10 0.984 278.2 116.0   7.0  79.0
2016 4 9.500   12529 B      0  914    0  820 0.830  73.7 343.0  10.0 -54.0
2016 410.500   12529 B      0 1171    0  820 0.700  70.8 341.0   9.0 -42.0
2016 411.500   12529 B      0 1448    0  850 0.524  62.3 342.0   9.0 -28.0
2016 411.500   12530 B      0   55    0   30 0.398 332.4  21.0  15.0  11.0
2016 412.500   12529 B      0 1500    0  800 0.347  43.6 343.0   9.0 -14.0
2016 412.500   12530 B      0   33    0   20 0.534 310.2  22.0  15.0  25.0
2016 413.500   12529 B      0 1509    0  780 0.253  -0.0 344.0   9.0   0.0
2016 413.500   12530 A      0   28    0   20 0.692 298.6  23.0  15.0  39.0
2016 413.500   12531 A      0    9    0   10 0.881  70.8 285.0  14.0 -59.0
2016 414.500   12529 B      0 1482    0  790 0.346 320.2 344.0  10.0  13.0
2016 414.500   12530 A      0   11    0   10 0.830 291.0  24.0  14.0  53.0
2016 414.500   12531 A      0   13    0   10 0.752  65.9 286.0  14.0 -45.0
2016 415.500   12529 BG     0 1300    0  740 0.477 302.9 341.0  10.0  24.0
2016 415.500   12530 A      0    7    0   10 0.934 286.2  24.0  13.0  67.0
2016 415.500   12531 A      0   15    0   10 0.623  61.1 283.0  13.0 -34.0
2016 416.500   12529 BG     0 1104    0  720 0.642 292.6 340.0  10.0  37.0
2016 416.500   12530 A      0    3    0   10 0.987 279.0  24.0   8.0  80.0
2016 416.500   12532 B      0   18    0   20 0.892  79.3 240.0   7.0 -62.0
2016 417.500   12529 BG     0  916    0  780 0.809 286.4 342.0  10.0  52.0
2016 417.500   12532 B      0   58    0   50 0.812  77.4 238.0   7.0 -53.0
2016 418.500   12529 B      0  448    0  610 0.930 282.9 344.0  10.0  67.0
2016 418.500   12532 A      0   44    0   30 0.662  74.8 237.0   6.0 -40.0
2016 419.500   12529 B      0  165    0  600 0.990 280.9 346.0  10.0  81.0
2016 419.500   12532 B      0   69    0   40 0.487  67.9 238.0   6.0 -27.0
2016 420.500   12532 B      0   57    0   30 0.293  49.7 239.0   6.0 -13.0
2016 420.500   12533 A      0   45    0   60 0.927  90.1 184.0  -2.0 -68.0
2016 421.500   12532 B      0   39    0   20 0.191 354.8 239.0   6.0   1.0
2016 421.500   12533 A      0   70    0   60 0.809  88.9 184.0  -2.0 -54.0
2016 422.500   12532 A      0   19    0   10 0.279 312.1 237.0   6.0  12.0
2016 422.500   12533 A      0   87    0   60 0.682  87.7 182.0  -2.0 -43.0
2016 423.500   12533 A      0  138    0   80 0.501  85.7 180.0  -2.0 -30.0
2016 424.500   12532 B      0   59    0   40 0.670 282.8 239.0   5.0  41.0
2016 424.500   12533 A      0  192    0  100 0.262  80.3 182.0  -2.0 -15.0
2016 424.500   12534 A      0   13    0   10 0.756  77.9 149.0   6.0 -48.0
2016 424.500   12535 A      0   31    0   60 0.964  83.5 124.0   5.0 -74.0
2016 425.500   12532 B      0   11    0   10 0.827 279.2 241.0   5.0  55.0
2016 425.500   12533 A      0  199    0  100 0.049  21.1 185.0  -2.0  -1.0
2016 425.500   12535 A      0   30    0   30 0.863  81.5 127.0   5.0 -59.0
2016 426.500   12532 B      0    7    0   10 0.932 278.2 240.0   6.0  68.0
2016 426.500   12533 A      0  196    0  100 0.179 283.7 182.0  -2.0  10.0
2016 426.500   12535 A      0   41    0   30 0.721  77.2 127.0   6.0 -45.0
2016 426.500   12536 B      0   42    0   40 0.847  69.1 117.0  15.0 -55.0
2016 426.500   12537 B      0   32    0   20 0.586 264.3 208.0  -7.0  36.0
2016 427.500   12532 B      0    5    0   20 0.991 275.6 241.0   5.0  82.0
2016 427.500   12533 A      0  200    0  110 0.407 272.5 183.0  -3.0  24.0
2016 427.500   12535 A      0   34    0   20 0.526  71.1 129.0   6.0 -30.0
2016 427.500   12536 B      0  113    0   80 0.707  63.6 118.0  15.0 -41.0
2016 427.500   12537 B      0   51    0   40 0.764 264.6 209.0  -7.0  50.0
2016 427.500   12538 B      0   16    0   10 0.558  90.6 125.0  -4.0 -34.0
2016 428.500   12533 A      0  143    0   90 0.602 272.4 183.0  -2.0  37.0
2016 428.500   12535 B      0   56    0   30 0.335  54.8 130.0   7.0 -16.0
2016 428.500   12536 B      0  115    0   70 0.564  53.1 118.0  16.0 -28.0
2016 428.500   12537 B      0   68    0   80 0.904 264.3 211.0  -7.0  65.0
2016 428.500   12538 A      0    0    0    0 0.374  90.0 124.0  -4.0 -22.0
2016 428.500   12539 A      0   21    0   30 0.931  69.8  80.0  17.0 -66.0
2016 429.500   12533 A      0  102    0   80 0.766 270.9 183.0  -2.0  50.0
2016 429.500   12535 B      0   59    0   30 0.181  11.1 131.0   6.0  -2.0
2016 429.500   12536 B      0  162    0   90 0.433  37.7 117.0  16.0 -16.0
2016 429.500   12537 B      0   32    0   70 0.972 261.7 210.0  -9.0  77.0
2016 429.500   12538 A      0    0    0    0 0.122  88.6 126.0  -4.0  -7.0
2016 429.500   12539 B      0   34    0   30 0.816  65.7  82.0  17.0 -51.0
2016 430.500   12533 A      0   70    0   80 0.898 268.7 183.0  -3.0  64.0
2016 430.500   12535 B      0   57    0   30 0.270 310.1 131.0   6.0  12.0
2016 430.500   12536 B      0  187    0  100 0.345   5.6 117.0  16.0  -2.0
2016 430.500   12537 A      0    0    0   20 1.000 261.0 209.0  -9.0  90.0
2016 430.500   12539 B      0   73    0   50 0.683  59.6  81.0  17.0 -38.0
2016 430.500   12540 A      0   22    0   20 0.828  61.2  68.0  21.0 -51.0
2016 5 1.500   12533 A      0   29    0   70 0.978 267.8 184.0  -3.0  78.0
2016 5 1.500   12535 A      0   70    0   40 0.481 290.2 133.0   6.0  27.0
2016 5 1.500   12536 B      0  276    0  150 0.387 331.7 117.0  16.0  11.0
2016 5 1.500   12539 B      0  173    0  100 0.493  46.9  84.0  16.0 -22.0
2016 5 1.500   12540 A      0   28    0   20 0.705  54.6  68.0  21.0 -38.0
2016 5 2.500   12535 B      0   43    0   30 0.686 284.5 135.0   7.0  42.0
2016 5 2.500   12536 B      0  151    0   90 0.538 308.4 119.0  16.0  26.0
2016 5 2.500   12539 B      0  130    0   70 0.360  19.0  86.0  16.0  -7.0
2016 5 2.500   12540 B      0   16    0   10 0.573  41.2  69.0  22.0 -24.0
2016 5 2.500   12541 B      0    8    0   10 0.902  83.7  29.0   4.0 -64.0
2016 5 3.500   12535 A      0   22    0   20 0.829 281.1 135.0   7.0  55.0
2016 5 3.500   12536 B      0  103    0   70 0.670 297.4 118.0  15.0  38.0
2016 5 3.500   12539 B      0   93    0   50 0.349 346.1  85.0  16.0   5.0
2016 5 3.500   12541 B      0   24    0   20 0.794  82.0  28.0   4.0 -52.0
2016 5 4.500   12535 A      0   14    0   20 0.932 279.0 135.0   7.0  68.0
2016 5 4.500   12536 B      0   82    0   70 0.807 291.6 118.0  15.0  51.0
2016 5 4.500   12539 B      0   17    0   10 0.447 318.3  85.0  16.0  18.0
2016 5 4.500   12541 B      0   30    0   20 0.639  79.2  28.0   4.0 -39.0
2016 5 4.500   12542 B      0  163    0  250 0.945  79.2 356.0   9.0 -70.0
2016 5 5.500   12536 A      0   15    0   20 0.926 286.7 119.0  14.0  66.0
2016 5 5.500   12539 A      0   32    0   20 0.570 305.1  82.0  16.0  29.0
2016 5 5.500   12541 B      0   52    0   30 0.485  75.1  25.0   4.0 -28.0
2016 5 5.500   12542 B      0  129    0  120 0.842  75.7 357.0  10.0 -56.0
2016 5 6.500   12536 A      0    3    0   10 0.983 286.0 117.0  15.0  78.0
2016 5 6.500   12539 A      0   14    0   10 0.679 299.8  77.0  17.0  38.0
2016 5 6.500   12541 B      0   19    0   10 0.273  62.0  25.0   4.0 -14.0
2016 5 6.500   12542 B      0  215    0  150 0.694  71.7 357.0  10.0 -42.0
2016 5 7.500   12536 A      0    0    0   10 0.999 284.9 119.0  15.0  92.0
2016 5 7.500   12539 A      0    0    0    0 0.809 292.6  78.0  16.0  51.0
2016 5 7.500   12541 B      0   39    0   20 0.128  -0.0  27.0   4.0   0.0
2016 5 7.500   12542 A      0  290    0  170 0.520  62.3 359.0  11.0 -28.0
2016 5 8.500   12541 A      0    0    0    0 0.272 297.3  28.0   4.0  14.0
2016 5 8.500   12542 B      0  185    0  100 0.375  45.9 358.0  12.0 -16.0
2016 5 8.500   12543 B      0   19    0   10 0.212 103.3   2.0  -6.0 -12.0
2016 5 9.500   12541 A      0    0    0    0 0.498 283.7  29.0   4.0  29.0
2016 5 9.500   12542 BG     0  289    0  150 0.266  11.1 357.0  12.0  -3.0
2016 5 9.500   12543 B      0   59    0   30 0.061 238.2   3.0  -5.0   3.0
2016 5 9.500   12544 B      0   26    0   30 0.895  64.6 300.0  21.0 -60.0
2016 510.500   12542 BG     0  246    0  130 0.319 324.2 358.0  12.0  11.0
2016 510.500   12543 BG     0  173    0   90 0.260 262.1   2.0  -5.0  15.0
2016 510.500   12544 B      0   51    0   40 0.764  60.4 302.0  20.0 -45.0
2016 510.500   12545 A      0   18    0   10 0.319 165.2 342.0 -21.0  -5.0
2016 511.500   12542 B      0  232    0  130 0.451 301.7 357.0  11.0  23.0
2016 511.500   12543 B      0  196    0  110 0.454 264.7   1.0  -5.0  27.0
2016 511.500   12544 B      0   45    0   30 0.646  52.0 301.0  21.0 -33.0
2016 511.500   12545 B      0   56    0   30 0.343 205.2 343.0 -21.0   9.0
2016 512.500   12542 BG     0  251    0  160 0.617 290.2 357.0  10.0  36.0
2016 512.500   12543 B      0  122    0   80 0.642 265.6   1.0  -5.0  40.0
2016 512.500   12544 B      0   34    0   20 0.511  41.2 300.0  20.0 -21.0
2016 512.500   12545 B      0  159    0   90 0.460 226.7 342.0 -21.0  21.0
2016 513.500   12542 B      0  199    0  160 0.781 285.1 358.0  10.0  50.0
2016 513.500   12543 B      0   47    0   40 0.808 265.8   2.0  -5.0  54.0
2016 513.500   12544 B      0   35    0   20 0.439  23.9 297.0  21.0 -11.0
2016 513.500   12545 B      0  109    0   70 0.625 239.0 343.0 -21.0  35.0
2016 514.500   12542 B      0  118    0  140 0.906 282.3 358.0  10.0  64.0
2016 514.500   12543 B      0   14    0   20 0.933 265.6   3.0  -5.0  69.0
2016 514.500   12544 B      0   73    0   40 0.401 357.7 294.0  21.0   1.0
2016 514.500   12545 B      0   75    0   60 0.778 244.9 343.0 -21.0  49.0
2016 514.500   12546 A      0  164    0  250 0.945  96.5 223.0  -7.0 -71.0
2016 515.500   12542 B      0   46    0  110 0.977 281.8 358.0  11.0  77.0
2016 515.500   12543 B      0   10    0   30 0.984 265.4   1.0  -5.0  80.0
2016 515.500   12544 BG     0  265    0  150 0.465 328.7 296.0  21.0  15.0
2016 515.500   12545 B      0   57    0   70 0.912 248.1 346.0 -21.0  65.0
2016 515.500   12546 A      0  447    0  410 0.838  96.7 224.0  -7.0 -57.0
2016 516.500   12542 A      0    0    0   30 1.000 281.0 358.0  11.0  90.0
2016 516.500   12543 A      0    0    0   10 1.000 265.0 359.0  -5.0  91.0
2016 516.500   12544 BG     0  263    0  160 0.569 311.4 295.0  20.0  27.0
2016 516.500   12545 B      0    7    0   20 0.981 250.1 347.0 -20.0  79.0
2016 516.500   12546 A      0  788    0  540 0.683  97.7 225.0  -7.0 -43.0
2016 517.500   12544 BG     0  164    0  120 0.729 303.4 296.0  22.0  41.0
2016 517.500   12546 B      0  903    0  540 0.548  99.4 222.0  -7.0 -33.0
2016 518.500   12544 B      0  114    0  110 0.853 296.3 296.0  21.0  55.0
2016 518.500   12546 B      0  904    0  480 0.335 105.0 222.0  -7.0 -19.0
2016 519.500   12544 A      0   48    0   80 0.953 293.9 298.0  22.0  70.0
2016 519.500   12546 B      0  870    0  440 0.149 125.7 221.0  -7.0  -7.0
2016 519.500   12547 B      0   17    0   10 0.527 238.0 256.0 -18.0  28.0
2016 520.500   12544 A      0   16    0   80 0.995 292.3 298.0  22.0  83.0
2016 520.500   12546 B      0 1028    0  520 0.150 233.6 222.0  -7.0   7.0
2016 520.500   12547 B      0   14    0   10 0.694 247.2 257.0 -17.0  42.0
2016 521.500   12546 B      0 1022    0  550 0.368 255.4 223.0  -7.0  21.0
2016 522.500   12546 B      0  783    0  480 0.578 260.2 224.0  -7.0  35.0
2016 523.500   12546 A      0  601    0  460 0.756 262.1 224.0  -7.0  49.0
2016 524.500   12546 A      0  408    0  450 0.891 262.9 225.0  -7.0  63.0
2016 524.500   12548 B      0   19    0   10 0.284 331.4 170.0  13.0   8.0
2016 525.500   12546 A      0  171    0  330 0.966 263.1 224.0  -7.0  75.0
2016 525.500   12548 B      0   89    0   50 0.440 303.9 171.0  13.0  22.0
2016 526.500   12546 A      0   22    0  300 0.999 263.0 224.0  -7.0  88.0
2016 526.500   12548 B      0  188    0  120 0.621 292.8 172.0  13.0  36.0
2016 527.500   12548 B      0  165    0  130 0.773 287.9 171.0  13.0  49.0
2016 528.500   12548 B      0  108    0  120 0.891 285.1 171.0  13.0  62.0
2016 528.500   12549 B      0   37    0   20 0.376 127.1  91.0 -14.0 -18.0
2016 529.500   12548 A      0   23    0   60 0.980 284.5 174.0  14.0  78.0
2016 529.500   12549 B      0   38    0   20 0.233 167.4  93.0 -14.0  -3.0
2016 530.500   12548 A      0    1    0   40 1.000 283.0 174.0  13.0  91.0
2016 530.500   12549 B      0   19    0   10 0.276 213.4  92.0 -14.0   9.0
2016 530.500   12550 B      0   32    0   20 0.566 298.4 114.0  15.0  31.0
2016 530.500   12551 B      0   14    0   10 0.697 276.5 127.0   4.0  44.0
2016 531.500   12549 A      0    0    0    0 0.451 241.4  93.0 -13.0  24.0
2016 531.500   12550 B      0   27    0   20 0.733 291.3 114.0  15.0  45.0
2016 531.500   12551 B      0   42    0   40 0.849 275.1 127.0   4.0  58.0
2016 6 1.500   12550 B      0   10    0   10 0.860 287.8 114.0  15.0  58.0
2016 6 1.500   12551 B      0   38    0   60 0.946 274.4 127.0   4.0  71.0
2016 6 2.500   12550 B      0    5    0   10 0.955 285.8 115.0  15.0  72.0
2016 6 2.500   12551 B      0   15    0   90 0.996 274.0 128.0   4.0  85.0
2016 6 7.500   12552 B      0   17    0   10 0.451 307.0 359.0  16.0  22.0
2016 6 8.500   12552 B      0   31    0   20 0.619 297.6 359.0  17.0  35.0
2016 6 9.500   12552 BD     0  181    0  140 0.761 289.4 358.0  15.0  48.0
2016 610.500   12552 BD     0   54    0   60 0.889 285.5 359.0  14.0  62.0
2016 610.500   12553 A      0   77    0  120 0.947  96.6 226.0  -6.0 -71.0
2016 611.500   12552 B      0   75    0  150 0.967 285.3 359.0  15.0  75.0
2016 611.500   12553 A      0  299    0  270 0.832  97.7 228.0  -6.0 -56.0
2016 611.500   12554 B      0   33    0   20 0.554 283.4 317.0   8.0  33.0
2016 612.500   12552 B      0    2    0   80 1.000 284.0   2.0  14.0  91.0
2016 612.500   12553 A      0  478    0  330 0.688  99.7 228.0  -6.0 -43.0
2016 612.500   12554 B      0  126    0   90 0.712 280.4 316.0   8.0  45.0
2016 613.500   12553 A      0  493    0  290 0.526 103.1 226.0  -6.0 -31.0
2016 613.500   12554 B      0  126    0  120 0.850 278.8 315.0   8.0  58.0
2016 614.500   12553 A      0  546    0  290 0.337 114.5 226.0  -7.0 -18.0
2016 614.500   12554 B      0   61    0  100 0.951 278.1 316.0   8.0  72.0
2016 615.500   12553 A      0  590    0  300 0.176 144.0 225.0  -7.0  -6.0
2016 615.500   12554 A      0    8    0   50 0.996 277.9 316.0   8.0  85.0
2016 616.500   12553 A      0  605    0  310 0.212 227.0 225.0  -7.0   9.0
2016 616.500   12555 B      0   32    0   30 0.845 258.5 273.0  -9.0  57.0
2016 617.500   12553 A      0  550    0  300 0.399 248.7 226.0  -7.0  22.0
2016 617.500   12555 B      0   53    0   80 0.943 259.9 274.0  -9.0  70.0
2016 617.500   12556 A      0   18    0   30 0.951  85.2 132.0   5.0 -72.0
2016 618.500   12553 A      0  399    0  250 0.601 256.2 227.0  -7.0  36.0
2016 618.500   12555 B      0    4    0   20 0.993 260.7 274.0  -9.0  83.0
2016 618.500   12556 A      0   32    0   30 0.839  85.1 134.0   5.0 -57.0
2016 618.500   12557 A      0   19    0   10 0.190  39.3 184.0  10.0  -7.0
2016 619.500   12553 A      0  336    0  260 0.762 259.3 227.0  -7.0  49.0
2016 619.500   12556 A      0   43    0   30 0.683  83.0 135.0   6.0 -43.0
2016 619.500   12557 A      0   19    0   10 0.175 316.7 185.0   9.0   7.0
2016 619.500   12558 B      0   47    0   30 0.620 289.0 215.0  13.0  37.0
2016 620.500   12553 A      0  223    0  250 0.894 262.4 228.0  -6.0  63.0
2016 620.500   12556 A      0   69    0   40 0.488  80.9 136.0   6.0 -29.0
2016 620.500   12558 B      0   25    0   20 0.774 285.4 215.0  13.0  50.0
2016 621.500   12553 A      0   83    0  190 0.976 262.4 229.0  -7.0  77.0
2016 621.500   12556 A      0   19    0   10 0.284  75.2 136.0   6.0 -16.0
2016 622.500   12553 A      0    1    0  150 1.000 264.0 228.0  -6.0  90.0
2016 622.500   12556 A      0   19    0   10 0.073  45.2 135.0   5.0  -3.0
2016 7 5.500   12559 B      0   18    0   10 0.357 289.2 346.0  10.0  20.0
2016 7 5.500   12560 A      0   11    0   10 0.830 102.1 270.0  -8.0 -55.0
2016 7 6.500   12560 A      0   14    0   10 0.688 105.6 270.0  -8.0 -42.0
2016 7 7.500   12561 B      0   39    0   30 0.751 244.9 344.0 -16.0  45.0
2016 7 7.500   12562 A      0   16    0   30 0.963  96.2 225.0  -5.0 -74.0
2016 7 8.500   12561 B      0   19    0   20 0.880 249.5 345.0 -16.0  59.0
2016 7 8.500   12562 B      0   50    0   50 0.864  99.2 227.0  -6.0 -59.0
2016 7 8.500   12563 B      0   10    0   10 0.836  69.7 230.0  19.0 -56.0
2016 7 8.500   12564 A      0   15    0   40 0.980  80.6 207.0  10.0 -79.0
2016 7 9.500   12561 B      0    5    0   10 0.961 252.1 345.0 -16.0  72.0
2016 7 9.500   12562 B      0   81    0   60 0.731 101.9 227.0  -6.0 -46.0
2016 7 9.500   12563 B      0   28    0   20 0.691  66.3 231.0  19.0 -42.0
2016 7 9.500   12564 B      0   73    0   80 0.889  81.9 210.0   9.0 -63.0
2016 710.500   12562 B      0   82    0   50 0.562 105.0 227.0  -5.0 -33.0
2016 710.500   12563 B      0   32    0   20 0.569  61.8 228.0  19.0 -32.0
2016 710.500   12564 BG     0  151    0  120 0.776  81.6 209.0   9.0 -51.0
2016 711.500   12562 B      0   55    0   30 0.366 117.9 226.0  -6.0 -19.0
2016 711.500   12563 B      0   36    0   20 0.404  49.7 227.0  19.0 -19.0
2016 711.500   12564 B      0  110    0   70 0.616  80.6 207.0   9.0 -38.0
2016 711.500   12565 A      0   78    0  120 0.944  87.2 175.0   4.0 -71.0
2016 712.500   12562 A      0   98    0   50 0.197 153.9 229.0  -6.0  -5.0
2016 712.500   12563 B      0   38    0   20 0.269  17.9 229.0  19.0  -5.0
2016 712.500   12564 A      0  109    0   60 0.412  77.4 210.0   9.0 -24.0
2016 712.500   12565 A      0  180    0  170 0.847  87.9 174.0   4.0 -58.0
2016 713.500   12562 A      0   58    0   30 0.236 221.2 229.0  -6.0   9.0
2016 713.500   12563 B      0   19    0   10 0.295 329.9 228.0  19.0   9.0
2016 713.500   12564 B      0   58    0   30 0.191  64.1 210.0   9.0 -10.0
2016 713.500   12565 A      0  245    0  170 0.693  88.7 176.0   4.0 -44.0
2016 714.500   12562 A      0   18    0   10 0.383 242.7 227.0  -6.0  20.0
2016 714.500   12563 A      0   18    0   10 0.398 313.2 225.0  20.0  18.0
2016 714.500   12564 A      0   19    0   10 0.106 319.5 211.0   9.0   4.0
2016 714.500   12565 B      0  369    0  220 0.543  89.4 174.0   4.0 -33.0
2016 715.500   12562 A      0   16    0   10 0.595 253.6 229.0  -6.0  35.0
2016 715.500   12565 B      0  551    0  290 0.308  87.6 176.0   5.0 -18.0
2016 715.500   12566 A      0    0    0    0 0.273  68.8 179.0  10.0 -15.0
2016 715.500   12567 BGD    0  335    0  190 0.468  87.8 166.0   5.0 -28.0
2016 715.500   12568 B      0   29    0   20 0.685 117.5 155.0 -15.0 -39.0
2016 716.500   12565 B      0  636    0  320 0.105  95.3 175.0   4.0  -6.0
2016 716.500   12567 BG     0  386    0  200 0.258  91.6 166.0   4.0 -15.0
2016 716.500   12568 B      0   17    0   10 0.521 131.4 157.0 -16.0 -24.0
2016 717.500   12565 B      0  693    0  350 0.139 272.7 175.0   5.0   8.0
2016 717.500   12567 BG     0  659    0  330 0.035  80.5 165.0   5.0  -2.0
2016 717.500   12568 A      0    0    0    0 0.346 150.8 157.0 -13.0 -10.0
2016 718.500   12565 B      0  560    0  300 0.357 271.5 175.0   5.0  21.0
2016 718.500   12566 A      0    0    0    0 0.428 283.4 179.0  10.0  25.0
2016 718.500   12567 B      0  647    0  330 0.190 271.7 165.0   5.0  11.0
2016 718.500   12569 B      0   51    0   30 0.501  63.8 126.0  17.0 -28.0
2016 719.500   12565 B      0  492    0  300 0.572 273.5 176.0   6.0  35.0
2016 719.500   12567 BG     0  713    0  390 0.405 271.4 165.0   5.0  24.0
2016 719.500   12569 B      0   57    0   30 0.307  54.4 126.0  15.0 -15.0
2016 720.500   12565 B      0  416    0  310 0.741 270.9 176.0   4.0  48.0
2016 720.500   12567 B      0  816    0  510 0.600 271.7 165.0   5.0  37.0
2016 720.500   12569 A      0   59    0   30 0.175  -0.0 127.0  15.0   0.0
2016 721.500   12565 A      0  235    0  250 0.882 270.7 176.0   3.0  62.0
2016 721.500   12567 BG     0  470    0  380 0.786 272.4 166.0   5.0  52.0
2016 721.500   12569 A      0   18    0   10 0.315 307.8 129.0  16.0  15.0
2016 722.500   12565 A      0  131    0  250 0.965 272.8 176.0   4.0  75.0
2016 722.500   12567 B      0  272    0  330 0.911 274.3 167.0   6.0  66.0
2016 723.500   12565 A      0    2    0  250 1.000 273.0 178.0   3.0  90.0
2016 723.500   12567 B      0   75    0  210 0.984 274.1 168.0   5.0  80.0
2016 724.500   12567 B      0    7    0  150 1.000 275.2 167.0   5.0  92.0
2016 728.500   12570 B      0    8    0   10 0.909  80.4 316.0  11.0 -66.0
2016 729.500   12570 B      0   12    0   10 0.784  81.7 317.0  10.0 -52.0
2016 730.500   12570 B      0   15    0   10 0.641  79.7 315.0  11.0 -40.0
2016 731.500   12570 A      0   18    0   10 0.409  78.5 318.0  10.0 -24.0
2016 8 1.500   12570 A      0   19    0   10 0.234  71.5 314.0  10.0 -13.0
2016 8 2.500   12570 A      0   19    0   10 0.072 346.3 316.0  10.0   1.0
2016 8 4.500   12570 B      0   16    0   10 0.539 288.4 321.0  15.0  32.0
2016 8 4.500   12571 B      0   18    0   10 0.391  68.3 266.0  14.0 -22.0
2016 8 5.500   12571 B      0   39    0   20 0.194  51.7 266.0  13.0  -9.0
2016 8 5.500   12572 B      0   83    0   60 0.717 282.2 321.0  13.0  46.0
2016 8 6.500   12571 B      0   79    0   40 0.122 325.9 266.0  12.0   4.0
2016 8 6.500   12572 B      0   83    0   80 0.852 281.5 321.0  13.0  59.0
2016 8 7.500   12571 BG     0  282    0  150 0.335 288.3 268.0  12.0  19.0
2016 8 7.500   12572 B      0   71    0  110 0.946 281.6 322.0  13.0  72.0
2016 8 7.500   12573 B      0   39    0   60 0.944  88.0 179.0   4.0 -71.0
2016 8 7.500   12574 B      0   38    0   60 0.948  83.7 178.0   8.0 -72.0
2016 8 8.500   12571 BG     0  338    0  200 0.533 284.4 268.0  13.0  32.0
2016 8 8.500   12572 B      0   24    0  110 0.994 284.4 321.0  15.0  85.0
2016 8 8.500   12573 B      0   85    0   90 0.881  88.9 173.0   4.0 -62.0
2016 8 8.500   12574 B      0   17    0   20 0.901  77.5 170.0  14.0 -65.0
2016 8 8.500   12575 B      0   25    0   30 0.908  75.3 170.0  16.0 -66.0
2016 8 8.500   12576 A      0   19    0   40 0.969 103.1 162.0 -11.0 -74.0
2016 8 9.500   12571 BG     0  153    0  110 0.716 281.9 268.0  13.0  46.0
2016 8 9.500   12574 B      0  382    0  290 0.752  89.0 173.0   5.0 -49.0
2016 8 9.500   12575 B      0   61    0   50 0.785  74.7 170.0  16.0 -52.0
2016 8 9.500   12576 A      0   37    0   40 0.885 106.0 163.0 -11.0 -60.0
2016 810.500   12571 B      0   71    0   70 0.861 280.1 270.0  12.0  60.0
2016 810.500   12574 B      0  393    0  240 0.571  90.5 175.0   5.0 -35.0
2016 810.500   12575 A      0   15    0   10 0.606  73.7 173.0  15.0 -37.0
2016 810.500   12576 A      0  164    0  140 0.809 113.8 160.0 -15.0 -50.0
2016 811.500   12571 A      0   11    0   20 0.961 280.7 272.0  12.0  75.0
2016 811.500   12574 B      0  447    0  240 0.359  95.8 176.0   4.0 -21.0
2016 811.500   12575 A      0   18    0   10 0.389  69.2 175.0  14.0 -22.0
2016 811.500   12576 A      0  214    0  140 0.641 119.3 162.0 -13.0 -35.0
2016 811.500   12577 B      0   33    0   20 0.546  94.5 164.0   3.0 -33.0
2016 812.500   12571 A      0    1    0   20 0.999 281.8 273.0  12.0  89.0
2016 812.500   12574 B      0  396    0  200 0.129 109.9 177.0   4.0  -7.0
2016 812.500   12575 A      0   19    0   10 0.188  46.0 176.0  14.0  -8.0
2016 812.500   12576 A      0  245    0  140 0.479 133.2 162.0 -13.0 -21.0
2016 812.500   12577 B      0  245    0  130 0.330  99.8 164.0   3.0 -19.0
2016 813.500   12574 B      0  319    0  160 0.075 248.1 174.0   5.0   4.0
2016 813.500   12575 A      0   19    0   10 0.145 332.3 174.0  14.0   4.0
2016 813.500   12576 A      0  242    0  130 0.360 151.9 160.0 -12.0 -10.0
2016 813.500   12577 B      0  178    0   90 0.130 110.3 165.0   4.0  -7.0
2016 814.500   12574 B      0  325    0  170 0.292 265.3 174.0   5.0  17.0
2016 814.500   12576 A      0  189    0  100 0.324 189.1 160.0 -12.0   3.0
2016 814.500   12577 B      0  158    0   80 0.130 249.4 164.0   4.0   7.0
2016 815.500   12574 B      0  208    0  120 0.498 268.4 174.0   5.0  30.0
2016 815.500   12575 B      0   17    0   10 0.462 287.5 171.0  14.0  27.0
2016 815.500   12576 A      0  180    0  100 0.426 222.2 161.0 -12.0  17.0
2016 815.500   12577 B      0   55    0   30 0.360 263.7 165.0   4.0  21.0
2016 815.500   12578 B      0   29    0   30 0.870  84.6  83.0   8.0 -61.0
2016 816.500   12574 A      0  161    0  110 0.679 270.1 174.0   5.0  43.0
2016 816.500   12575 B      0   15    0   10 0.642 283.8 171.0  14.0  40.0
2016 816.500   12576 A      0  115    0   70 0.565 237.1 160.0 -12.0  29.0
2016 816.500   12577 B      0   16    0   10 0.559 267.1 165.0   4.0  34.0
2016 816.500   12578 B      0   26    0   20 0.750  85.3  82.0   8.0 -49.0
2016 817.500   12574 A      0  106    0  100 0.845 271.6 175.0   5.0  58.0
2016 817.500   12576 A      0   82    0   60 0.728 246.4 160.0 -12.0  43.0
2016 817.500   12577 A      0   12    0   10 0.764 269.5 167.0   4.0  50.0
2016 817.500   12578 A      0   16    0   10 0.541  83.9  84.0   9.0 -33.0
2016 818.500   12574 A      0   60    0   90 0.943 274.0 175.0   6.0  71.0
2016 818.500   12576 A      0   51    0   50 0.855 251.5 160.0 -12.0  56.0
2016 818.500   12578 B      0   37    0   20 0.341  82.5  84.0   9.0 -20.0
2016 819.500   12574 A      0   16    0   70 0.993 275.3 175.0   6.0  84.0
2016 819.500   12576 A      0   26    0   40 0.945 255.8 160.0 -11.0  69.0
2016 819.500   12578 B      0   39    0   20 0.126  72.6  84.0   9.0  -7.0
2016 820.500   12578 A      0   19    0   10 0.126 287.2  85.0   9.0   7.0
2016 821.500   12578 A      0   18    0   10 0.389 276.7  88.0   9.0  23.0
2016 822.500   12579 B      0  114    0   60 0.301  72.1  34.0  12.0 -17.0
2016 822.500   12580 A      0   17    0   20 0.896 111.7 351.0 -16.0 -60.0
2016 823.500   12578 B      0   13    0   10 0.749 275.8  87.0   9.0  49.0
2016 823.500   12579 B      0  178    0   90 0.111  38.1  34.0  12.0  -4.0
2016 823.500   12580 A      0   24    0   20 0.782 118.4 352.0 -17.0 -46.0
2016 824.500   12578 B      0   19    0   20 0.878 276.4  87.0   9.0  62.0
2016 824.500   12579 B      0  158    0   80 0.154 297.1  33.0  11.0   8.0
2016 824.500   12580 A      0   29    0   20 0.668 127.2 351.0 -18.0 -34.0
2016 825.500   12579 B      0   74    0   40 0.363 285.0  32.0  12.0  21.0
2016 825.500   12580 B      0   67    0   40 0.538 140.7 350.0 -18.0 -21.0
2016 825.500   12581 B      0   65    0   40 0.571  79.1 336.0  12.0 -35.0
2016 826.500   12579 A      0   16    0   10 0.599 280.6  35.0  12.0  37.0
2016 826.500   12580 A      0   35    0   20 0.448 160.6 350.0 -18.0  -9.0
2016 826.500   12581 B      0  148    0   80 0.378  75.6 337.0  12.0 -22.0
2016 827.500   12580 A      0   36    0   20 0.432 191.1 350.0 -18.0   5.0
2016 827.500   12581 B      0  197    0  100 0.161  57.7 337.0  12.0  -8.0
2016 827.500   12582 B      0   15    0   10 0.625 273.9  24.0   8.0  39.0
2016 828.500   12580 A      0   34    0   20 0.521 216.5 351.0 -18.0  19.0
2016 828.500   12581 B      0  218    0  110 0.120 314.9 337.0  12.0   5.0
2016 828.500   12582 B      0   50    0   40 0.772 274.5  23.0   8.0  51.0
2016 828.500   12583 B      0   38    0   30 0.771 281.0  23.0  13.0  51.0
2016 829.500   12580 A      0   46    0   30 0.627 229.3 349.0 -18.0  30.0
2016 829.500   12581 B      0  245    0  130 0.331 285.9 338.0  12.0  19.0
2016 829.500   12582 B      0   48    0   60 0.916 275.6  26.0   8.0  67.0
2016 829.500   12583 B      0  109    0  130 0.907 281.0  25.0  13.0  66.0
2016 830.500   12580 B      0   39    0   30 0.754 239.9 349.0 -17.0  43.0
2016 830.500   12581 B      0  149    0   90 0.556 279.1 340.0  11.0  34.0
2016 830.500   12582 B      0   13    0   50 0.990 278.1  29.0   9.0  83.0
2016 830.500   12583 B      0   47    0  120 0.980 282.9  26.0  14.0  80.0
2016 831.500   12580 B      0   58    0   60 0.875 247.2 349.0 -16.0  57.0
2016 831.500   12581 B      0  121    0   90 0.737 278.3 340.0  11.0  48.0
2016 831.500   12583 B      0    8    0  120 0.999 284.4  26.0  14.0  94.0
2016 831.500   12584 B      0   67    0   75 0.893 100.5 230.0  -6.0 -62.0
2016 831.500   12585 B      0  155    0  230 0.941  84.0 221.0   8.0 -71.0
2016 9 1.500   12580 B      0   33    0   60 0.961 251.0 350.0 -16.0  71.0
2016 9 1.500   12581 A      0  117    0  130 0.892 279.8 343.0  12.0  64.0
2016 9 1.500   12584 B      0   14    0   10 0.690 109.6 238.0  -8.0 -41.0
2016 9 1.500   12585 B      0  588    0  520 0.824  86.4 223.0   7.0 -56.0
2016 9 1.500   12586 B      0   19    0   10 0.054 285.0 282.0   8.0   3.0
2016 9 2.500   12581 A      0   55    0  130 0.977 281.8 345.0  13.0  79.0
2016 9 2.500   12585 BG     0  675    0  460 0.678  89.0 223.0   6.0 -43.0
2016 9 2.500   12586 B      0   57    0   30 0.293 263.5 283.0   5.0  17.0
2016 9 3.500   12581 A      0    0    0   90 1.000 283.1 345.0  13.0  92.0
2016 9 3.500   12585 BG     0 1014    0  590 0.511  86.5 222.0   8.0 -31.0
2016 9 3.500   12586 A      0   16    0   10 0.543 268.0 286.0   5.0  33.0
2016 9 4.500   12585 BG     0 1058    0  550 0.274  86.2 224.0   8.0 -16.0
2016 9 4.500   12586 B      0   13    0   10 0.727 272.8 287.0   7.0  47.0
2016 9 4.500   12587 A      0    0    0    0 0.467  82.3 212.0  10.0 -28.0
2016 9 5.500   12585 B      0  839    0  420 0.037  69.1 224.0   8.0  -2.0
2016 9 6.500   12585 BG     0  785    0  400 0.189 269.4 224.0   7.0  11.0
2016 9 6.500   12588 B      0   19    0   10 0.160  58.3 205.0  12.0  -8.0
2016 9 7.500   12585 BG     0  780    0  430 0.419 273.4 225.0   8.0  25.0
2016 9 7.500   12586 A      0    0    0   10 0.999 276.8 289.0   7.0  89.0
2016 9 7.500   12588 B      0   59    0   30 0.132 309.2 206.0  12.0   6.0
2016 9 8.500   12585 BD     0  609    0  380 0.597 273.7 224.0   8.0  37.0
2016 9 8.500   12588 B      0   18    0   10 0.331 285.7 206.0  12.0  19.0
2016 9 8.500   12589 B      0   19    0   10 0.264  62.7 173.0  14.0 -14.0
2016 9 9.500   12585 BG     0  493    0  380 0.760 275.7 224.0   9.0  50.0
2016 9 9.500   12588 A      0   16    0   10 0.544 282.8 207.0  13.0  33.0
2016 9 9.500   12589 B      0   59    0   30 0.136 352.9 175.0  15.0   1.0
2016 9 9.500   12590 B      0   18    0   10 0.339 273.5 193.0   8.0  20.0
2016 910.500   12585 BD     0  304    0  340 0.894 275.4 224.0   8.0  64.0
2016 910.500   12588 A      0   12    0   10 0.771 278.3 210.0  11.0  51.0
2016 910.500   12589 B      0  154    0   80 0.249 299.0 173.0  14.0  13.0
2016 910.500   12591 B      0   38    0   20 0.310  96.1 142.0   5.0 -18.0
2016 911.500   12585 B      0  106    0  240 0.975 276.6 225.0   8.0  78.0
2016 911.500   12588 A      0    4    0    5 0.900 278.8 212.0  11.0  65.0
2016 911.500   12589 B      0  123    0   70 0.477 288.2 175.0  15.0  28.0
2016 911.500   12591 B      0   49    0   25 0.065 126.6 144.0   5.0  -3.0
2016 912.500   12585 B      0    7    0  220 1.000 278.2 226.0   8.0  92.0
2016 912.500   12589 B      0   74    0   50 0.667 284.4 176.0  15.0  42.0
2016 912.500   12590 A      0    9    0   10 0.878 275.2 196.0   8.0  62.0
2016 912.500   12591 B      0   19    0   10 0.194 259.1 145.0   5.0  11.0
2016 913.500   12589 B      0   23    0   20 0.803 282.1 175.0  14.0  54.0
2016 913.500   12591 B      0   73    0   40 0.408 263.6 145.0   4.0  24.0
2016 914.500   12589 A      0   13    0   20 0.940 280.2 178.0  12.0  71.0
2016 914.500   12591 A      0   15    0   10 0.628 267.5 147.0   4.0  39.0
2016 915.500   12592 B      0    8    0   10 0.907  77.9  28.0  14.0 -66.0
2016 916.500   12592 B      0   12    0   10 0.793  77.8  27.0  14.0 -53.0
2016 917.500   12592 B      0   15    0   10 0.628  76.5  29.0  14.0 -39.0
2016 918.500   12592 B      0   17    0   10 0.460  73.2  27.0  14.0 -27.0
2016 918.500   12593 B      0   39    0   20 0.189  89.9  43.0   7.0 -11.0
2016 918.500   12594 B      0   19    0   10 0.206  64.9  43.0  12.0 -11.0
2016 919.500   12592 B      0   38    0   20 0.253  69.4  27.0  12.0 -14.0
2016 919.500   12593 B      0  119    0   60 0.077 296.0  45.0   9.0   4.0
2016 919.500   12594 A      0   19    0   10 0.100 329.1  45.0  12.0   3.0
2016 919.500   12595 B      0   11    0   10 0.832 278.5  98.0  11.0  57.0
2016 920.500   12593 B      0   95    0   50 0.308 277.4  46.0   9.0  18.0
2016 920.500   12595 B      0   81    0  120 0.940 279.2  99.0  11.0  71.0
2016 921.500   12593 B      0  101    0   60 0.527 270.0  47.0   6.0  32.0
2016 921.500   12595 B      0    3    0  110 1.000 277.9 104.0   8.0  90.0
2016 922.500   12593 B      0   99    0   70 0.702 274.3  47.0   8.0  45.0
2016 922.500   12596 B      0   32    0   30 0.845 271.5  60.0   5.0  58.0
2016 923.500   12593 B      0   52    0   50 0.852 276.3  48.0   9.0  59.0
2016 923.500   12596 B      0   29    0   50 0.954 273.1  62.0   5.0  73.0
2016 923.500   12597 B      0   56    0   30 0.342 180.0 349.0 -13.0   0.0
2016 924.500   12593 B      0   19    0   30 0.948 275.1  48.0   7.0  72.0
2016 924.500   12596 A      0    3    0   30 0.998 274.6  63.0   5.0  87.0
2016 924.500   12597 BG     0  219    0  120 0.403 213.0 349.0 -13.0  13.0
2016 925.500   12597 B      0  101    0   60 0.527 231.3 347.0 -13.0  25.0
2016 926.500   12597 BG     0   99    0   70 0.705 242.2 349.0 -14.0  40.0
2016 927.500   12597 B      0  124    0  110 0.826 247.9 348.0 -14.0  52.0
2016 928.500   12597 B      0   72    0  100 0.932 252.1 349.0 -14.0  66.0
2016 929.500   12597 B      0   27    0  100 0.990 254.8 350.0 -14.0  80.0
2016 930.500   12597 A      0    5    0   60 0.999 256.2 347.0 -14.0  91.0
201610 2.500   12598 B      0   10    0   10 0.842  79.9 172.0  12.0 -58.0
